Frame	X1	Y1	Flag1
Tracks 1 to 1
1	273.8204	385.69833	 
2	262.46985	384.81482	 
3	251.71024	383.79337	 
4	241.73412	380.9952	 
5	229.75894	377.6495	 
6	219.29434	373.83868	 
7	210.48557	370.93353	 
8	200.72539	368.28824	 
9	191.45068	366.3565	 
10	180.79533	363.85995	 
11	169.5431	360.0845	 
12	162.11565	356.79218	 
13	154.61327	356.3408	 
14	147.88655	357.23032	 
15	138.98544	355.82904	 
16	129.62466	353.96915	 
17	119.12934	352.60745	 
18	109.98812	350.36874	 
19	101.902504	348.58606	 
20	91.59516	347.70328	 
21	79.750786	347.79703	 
22	65.37581	346.81784	 
23	57.166264	344.40067	 
24	51.11257	341.03656	 
25	48.007347	338.9045	 
26	48.045147	338.49124	 
27	48.101025	336.87207	 
28	48.599377	334.39407	 
29	53.388462	333.0721	 
30	56.013283	332.35995	 
31	57.118717	331.50528	 
32	56.863487	330.99966	 
33	56.40639	330.14752	 
34	55.810192	329.13947	 
35	55.28112	327.17288	 
36	54.33405	323.9852	 
37	53.961037	321.2634	 
38	52.982758	316.85413	 
39	51.441883	311.73065	 
40	49.53892	305.9943	 
41	47.290703	300.39017	 
42	45.824184	294.30908	 
43	45.340714	287.03586	 
44	46.02157	278.35797	 
45	45.064037	271.9101	 
46	41.500244	263.60663	 
47	38.33856	256.982	 
48	39.075493	250.0395	 
49	40.808018	240.61981	 
50	43.42213	231.0135	 
51	43.13621	220.39784	 
52	41.337204	210.27678	 
53	39.508186	199.41815	 
54	39.747486	186.15918	 
55	40.908783	173.88449	 
56	42.994846	162.10211	 
57	44.0428	151.6658	 
58	43.421032	139.10216	 
59	41.950123	128.43018	 
60	41.31805	117.97918	 
61	40.413376	106.207344	 
62	42.42895	95.94822	 
63	43.926647	84.68663	 
64	45.0487	77.67556	 
65	45.42868	73.934105	 
66	45.82065	73.998695	 
67	46.326157	73.69272	 
68	46.593136	74.291504	 
69	46.282475	77.91946	 
70	47.269547	78.67678	 
71	48.803368	79.0022	 
72	50.97498	77.40576	 
73	54.16726	75.323875	 
74	58.573906	73.550865	 
75	62.98482	73.712204	 
76	67.00504	73.48677	 
77	70.73875	72.13613	 
78	73.568016	70.42112	 
79	77.12865	67.16862	 
80	81.02315	63.10702	 
81	85.10996	59.246353	 
82	89.68933	56.17345	 
83	91.656	55.43381	 
84	90.90551	56.972115	 
85	85.08114	61.46121	 
86	81.731064	64.12342	 
87	79.0655	65.6246	 
88	76.65499	66.95148	 
89	73.71551	68.4767	 
90	70.41983	70.04446	 
91	68.31854	70.959984	 
92	67.217094	72.33811	 
93	66.98785	72.996216	 
94	66.92346	73.64607	 
95	67.61895	74.23351	 
96	68.991295	74.07614	 
97	71.09078	72.978355	 
98	73.30405	71.50446	 
99	76.42331	67.55157	 
100	77.77186	65.44543	 
101	78.19258	64.44428	 
102	78.77723	63.407272	 
103	79.05493	62.469078	 
104	78.923996	59.35647	 
105	77.97033	57.7157	 
106	77.43571	55.236237	 
107	72.97546	48.019695	 
108	71.546455	44.295418	 
109	75.399216	45.52849	 
110	76.49357	48.971233	 
111	76.20895	45.310852	 
112	80.06268	47.426624	 
113	80.65813	46.776615	 
114	81.472984	43.49771	 
115	80.19174	43.06337	 
116	82.67944	38.36934	 
117	82.928085	38.2341	 
118	83.49613	38.76718	 
119	82.615074	39.486835	 
120	82.70865	40.953865	 
121	82.77124	49.459034	 
122	79.12267	52.258583	 
123	76.62893	57.945282	 
124	75.884964	62.46515	 
125	75.66026	65.50098	 
126	75.95188	67.98912	 
127	76.80646	70.0623	 
128	77.9592	72.747925	 
129	78.13862	76.4396	 
130	79.509445	80.52544	 
131	78.414696	83.78745	 
132	78.231895	85.62469	 
133	79.208435	86.34786	 
134	80.34027	86.41502	 
135	80.515396	86.36319	 
136	81.26221	86.07997	 
137	83.4083	85.10565	 
138	84.661575	84.5162	 
139	85.02221	84.13091	 
140	85.53357	83.46158	 
141	85.80206	82.833206	 
142	84.67113	82.37138	 
143	82.42896	81.84754	 
144	79.560776	81.25619	 
145	74.886444	80.71209	 
146	68.51085	81.579346	 
147	59.14129	83.73893	 
148	54.090237	85.119286	 
149	47.297043	89.57219	 
150	43.862312	93.48827	 
151	42.958836	95.96165	 
152	41.69989	100.00599	 
153	41.24617	104.53348	 
154	40.38009	110.18495	 
155	38.955414	117.177025	 
156	36.6593	124.17512	 
157	34.715645	130.24536	 
158	34.206097	134.63019	 
159	36.365227	136.3747	 
160	41.297073	134.66743	 
161	42.40954	134.93613	 
162	44.706375	132.94351	 
163	47.543217	131.56067	 
164	51.286495	132.4957	 
165	53.421978	133.73056	 
166	55.481647	136.36081	 
167	58.202812	139.61801	 
168	60.66987	142.8437	 
169	63.732254	146.8671	 
170	68.98091	153.82736	 
171	75.861465	159.25656	 
172	82.78689	163.525	 
173	86.79694	167.88457	 
174	91.5535	172.1382	 
175	94.48681	176.87187	 
176	95.92274	179.9644	 
177	95.84246	181.11401	 
178	95.87378	179.96167	 
179	95.73058	178.5482	 
180	94.48017	176.33467	 
181	93.1013	174.80016	 
182	92.29797	173.46051	 
183	91.35801	172.45639	 
184	90.05718	170.66702	 
185	89.98351	170.4174	 
186	90.34003	170.58801	 
187	91.333855	171.21846	 
188	91.94084	171.23647	 
189	92.11789	171.79607	 
190	92.937965	172.10115	 
191	93.62677	172.41774	 
192	94.226906	172.63164	 
193	95.66174	173.04292	 
194	95.84306	173.12775	 
195	95.98138	173.07396	 
196	95.622536	172.97618	 
197	96.01961	173.32475	 
198	96.28328	173.35529	 
199	96.19001	173.39049	 
200	95.89363	173.0865	 
201	95.66565	172.82213	 
202	95.86314	173.08751	 
203	95.645966	173.0597	 
204	95.27005	173.04112	 
205	95.55209	172.93344	 
206	95.48703	172.94896	 
207	95.60587	172.92043	 
208	95.59501	172.915	 
209	95.87449	173.06445	 
210	95.96393	173.00607	 
211	96.12407	173.01729	 
212	96.549225	171.65869	 
213	96.40809	170.45422	 
214	97.19615	169.23288	 
215	98.93149	168.43253	 
216	100.4976	167.41624	 
217	102.82317	166.8622	 
218	105.106445	167.15855	 
219	104.65938	167.25179	 
220	105.627945	168.66838	 
221	104.88313	169.44547	 
222	104.731575	170.08418	 
223	101.78787	171.16472	 
224	98.93879	172.34412	 
225	90.14432	171.96803	 
226	85.55247	173.49937	 
227	81.44426	172.4688	 
228	79.22698	172.886	 
229	78.24771	173.80885	 
230	77.564316	174.93976	 
231	76.44843	176.88441	 
232	76.079636	173.89334	 
233	75.879105	173.89241	 
234	75.9205	173.61215	 
235	75.84946	172.83824	 
236	75.668625	173.14487	 
237	75.11235	172.50957	 
238	75.59722	170.99638	 
239	75.8029	170.8812	 
240	76.10296	169.64084	 
241	76.9499	168.20941	 
242	77.59481	166.6135	 
243	78.106674	165.25719	 
244	79.22264	163.69017	 
245	80.36545	162.66914	 
246	80.92358	161.55981	 
247	81.37073	160.67471	 
248	81.89071	158.89528	 
249	81.90893	157.7927	 
250	81.0007	157.07375	 
251	80.8697	156.93353	 
252	81.76735	155.77545	 
253	81.49685	155.92326	 
254	82.96608	157.69293	 
255	82.7683	158.02025	 
256	82.487236	158.66147	 
257	82.55297	159.46957	 
258	81.10389	159.58755	 
259	78.45006	159.67886	 
260	74.29212	155.33853	 
261	71.59981	151.97954	 
262	72.05783	151.73758	 
263	70.86506	150.51143	 
264	70.252914	149.83028	 
265	69.648254	149.31108	 
266	69.752815	148.47061	 
267	70.2377	148.81151	 
268	70.59695	150.03795	 
269	69.66501	151.08789	 
270	70.56594	151.93239	 
271	71.15473	152.36337	 
272	71.94945	152.62852	 
273	72.545494	153.09016	 
274	72.69743	153.51532	 
275	72.41345	154.58818	 
276	72.43623	154.73354	 
277	72.52983	154.51176	 
278	72.297646	155.13686	 
279	72.32601	155.2867	 
280	71.87463	155.66785	 
281	71.76973	156.03236	 
282	71.80239	155.8186	 
283	71.38452	155.7573	 
284	70.54461	155.37753	 
285	70.3525	155.09732	 
286	70.50827	154.75838	 
287	70.44674	153.75764	 
288	70.6947	153.21771	 
289	71.10065	153.51215	 
290	71.10217	153.75514	 
291	70.10922	154.17192	 
292	70.0824	154.5624	 
293	70.392456	155.20345	 
294	69.871346	155.9237	 
295	70.44569	156.2524	 
296	70.87105	156.45459	 
297	70.47449	156.72633	 
298	70.092285	155.21985	 
299	70.074295	153.51526	 
300	69.49149	153.17598	 
301	68.96645	153.0604	 
302	69.11989	153.085	 
303	68.63978	153.59465	 
304	67.22511	154.25897	 
305	66.65574	154.37207	 
306	65.9659	154.65118	 
307	65.51644	155.1712	 
308	65.57502	155.44693	 
309	65.50634	155.43425	 
310	65.054245	155.26768	 
311	64.886765	155.53629	 
312	64.22957	155.57433	 
313	63.210217	155.63495	 
314	62.632492	155.64195	 
315	62.01622	155.9992	 
316	61.86469	155.99661	 
317	61.435497	156.36162	 
318	61.046417	155.78476	 
319	60.87762	155.52214	 
320	59.97828	156.15636	 
321	60.226322	155.89505	 
322	59.95583	156.29034	 
323	59.71531	156.29585	 
324	59.589523	155.9398	 
325	59.21563	156.27596	 
326	59.422684	156.15366	 
327	59.056534	156.57631	 
328	59.12738	156.80458	 
329	59.046925	157.29692	 
330	58.751835	157.54971	 
331	58.69519	157.56194	 
332	58.915527	157.31778	 
333	58.93017	157.2123	 
334	58.451508	157.63896	 
335	58.510696	157.55019	 
336	58.80844	157.32265	 
337	58.464474	157.53308	 
338	57.775665	157.67833	 
339	57.83742	157.54254	 
340	58.565727	157.42218	 
341	58.55059	157.65504	 
342	58.16584	157.70874	 
343	58.60949	157.3824	 
344	58.672512	157.36618	 
345	57.50164	157.75943	 
346	57.23868	157.50494	 
347	57.70734	157.27853	 
348	57.715416	157.15889	 
349	56.275215	156.64503	 
350	56.490868	156.75139	 
351	58.330963	157.65245	 
352	55.837215	156.74176	 
353	55.20284	156.78705	 
354	55.600723	156.40233	 
355	55.923252	156.3446	 
356	55.825844	156.34811	 
357	56.171623	156.0408	 
358	57.81162	156.42426	 
359	57.521896	157.05595	 
360	56.40624	157.13982	 
361	55.245316	156.9674	 
362	55.28577	157.03233	 
363	55.37796	156.58926	 
364	55.305466	156.97108	 
365	55.80781	155.95094	 
366	56.405903	155.83067	 
367	54.86235	155.46243	 
368	56.601063	157.35434	 
369	56.53582	157.24178	 
370	56.92857	156.90964	 
371	57.913532	156.66383	 
372	57.801296	156.47136	 
373	57.89651	156.2839	 
374	58.92007	155.9154	 
375	58.88512	156.0215	 
376	58.302387	157.20975	 
377	57.46981	157.65384	 
378	56.3894	158.3295	 
379	56.322193	157.93687	 
380	56.209373	157.84875	 
381	56.76544	157.38155	 
382	55.017796	156.17586	 
383	57.47395	156.4794	 
384	58.316994	155.87755	 
385	58.629234	155.6378	 
386	58.31157	156.00583	 
387	58.177094	156.12144	 
388	58.895287	155.69057	 
389	59.22123	155.8643	 
390	58.924362	156.1165	 
391	58.95178	156.08932	 
392	58.498775	156.80159	 
393	58.21161	156.91531	 
394	56.864594	156.76198	 
395	54.285828	155.4367	 
396	54.47447	155.34093	 
397	57.472256	156.33511	 
398	57.571682	156.0288	 
399	57.531174	155.94524	 
400	58.940853	155.20189	 
401	59.652184	155.27036	 
402	59.31601	155.94365	 
403	58.579563	157.13773	 
404	58.826504	157.44858	 
405	58.043846	157.52403	 
406	58.190903	157.39668	 
407	58.652615	157.59612	 
408	58.99835	157.91336	 
409	59.427242	157.71992	 
410	59.61691	157.18184	 
411	59.895557	157.02878	 
412	60.354317	156.63277	 
413	60.610374	156.25078	 
414	59.77919	157.00476	 
415	58.76133	157.23401	 
416	57.14422	157.14252	 
417	53.58257	155.64719	 
418	53.50878	155.75389	 
419	53.21728	155.83904	 
420	53.28566	156.03932	 
421	56.288124	157.51863	 
422	57.86534	156.02754	 
423	59.00127	153.04295	 
424	59.419712	152.22847	 
425	60.131916	152.97447	 
426	59.996937	153.42252	 
427	59.81674	153.32793	 
428	59.37343	153.95595	 
429	59.318916	154.41455	 
430	58.162575	155.24605	 
431	56.706432	157.06699	 
432	56.647987	159.01329	 
433	56.41167	160.17863	 
434	56.853004	161.2491	 
435	57.75944	161.38776	 
436	58.661552	160.86649	 
437	58.88736	161.39902	 
438	59.252266	161.1979	 
439	59.11887	159.4891	 
440	59.653873	159.9878	 
441	60.300285	160.45042	 
442	60.315754	159.76816	 
443	60.23369	158.49007	 
444	60.380554	160.23367	 
445	60.369408	161.68939	 
446	59.96337	161.845	 
447	59.322475	161.9277	 
448	59.37181	161.98096	 
449	59.62073	162.42221	 
450	58.881977	162.67157	 
451	57.96258	161.73676	 
452	58.427162	162.26344	 
453	58.587738	163.10394	 
454	58.16419	162.86305	 
455	57.277855	161.67561	 
456	56.766087	162.02939	 
457	56.76623	163.10754	 
458	56.382805	163.66753	 
459	56.47913	163.47409	 
460	56.549732	163.17584	 
461	57.20817	163.2195	 
462	57.700558	163.43861	 
463	57.469803	163.48715	 
464	57.36807	163.35394	 
465	57.745167	164.74731	 
466	56.968285	165.38837	 
467	56.648376	165.13106	 
468	56.277737	164.47025	 
469	56.56657	163.64748	 
470	56.709137	164.08359	 
471	55.942013	163.82202	 
472	56.34888	163.77798	 
473	57.344715	164.46872	 
474	57.520912	164.34639	 
475	58.186504	164.59102	 
476	58.556602	165.01022	 
477	58.352413	164.71301	 
478	57.960052	164.30316	 
479	58.01528	164.50388	 
480	57.800537	164.26672	 
481	58.86813	164.27382	 
482	59.527943	164.37918	 
483	60.32116	164.35393	 
484	61.046917	164.28053	 
485	61.82944	163.87227	 
486	62.015316	163.64346	 
487	62.479664	163.74208	 
488	61.96575	163.86517	 
489	62.01801	163.85081	 
490	63.06888	163.51231	 
491	63.503082	162.52776	 
492	63.544426	161.43336	 
493	64.58902	161.56035	 
494	65.14977	161.88162	 
495	65.36699	162.3846	 
496	65.07977	161.82347	 
497	64.13273	158.4711	 
498	64.04418	156.55653	 
499	63.471912	152.76035	 
500	62.82817	148.06168	 
501	62.122887	144.28128	 
502	60.49329	140.74126	 
503	57.73755	137.14668	 
504	56.185177	135.50574	 
505	54.939804	134.33784	 
506	53.129906	133.23131	 
507	54.513535	134.7892	 
508	56.479996	136.65399	 
509	62.28376	139.5363	 
510	65.426155	142.9831	 
511	68.67474	147.52615	 
512	71.10758	151.04404	 
513	72.578636	152.7484	 
514	72.950645	153.42255	 
515	72.52168	153.96548	 
516	72.169785	153.95741	 
517	71.584946	154.59412	 
518	70.43608	155.68762	 
519	69.71607	156.06212	 
520	69.17841	155.97964	 
521	67.80947	157.0135	 
522	65.47203	158.55531	 
523	63.253883	159.97234	 
524	61.01153	162.62183	 
525	59.231926	165.6122	 
526	59.33783	167.70807	 
527	58.933853	171.71428	 
528	59.018356	174.9176	 
529	58.167038	177.72983	 
530	56.427414	180.79282	 
531	56.10692	182.5044	 
532	57.283783	181.93074	 
533	58.320293	179.9692	 
534	60.494446	178.61667	 
535	61.596737	177.94896	 
536	63.062576	178.56107	 
537	63.953674	178.84093	 
538	64.77968	179.73148	 
539	65.34708	180.65532	 
540	65.95736	182.52974	 
541	67.25564	184.79251	 
542	69.514824	187.38052	 
543	72.83119	189.24013	 
544	76.761795	191.10565	 
545	81.32499	193.12097	 
546	84.922264	195.72084	 
547	88.24887	198.15756	 
548	92.70864	200.72885	 
549	94.53603	201.89546	 
550	96.49441	202.63693	 
551	97.72576	201.61682	 
552	97.90867	200.3108	 
553	98.01083	199.30943	 
554	95.83263	197.97835	 
555	93.25685	196.47757	 
556	91.67649	195.81583	 
557	89.52501	195.51419	 
558	88.35831	195.43472	 
559	87.696724	195.19896	 
560	82.6116	195.0032	 
561	80.80583	194.17592	 
562	80.8445	193.68802	 
563	80.592834	193.44986	 
564	81.482605	193.07944	 
565	81.63545	192.6714	 
566	82.28476	192.80219	 
567	84.13918	192.31905	 
568	85.8635	191.77263	 
569	87.471504	190.0757	 
570	88.84613	187.05261	 
571	89.885826	183.12512	 
572	89.28252	178.85948	 
573	88.21065	175.28531	 
574	88.25195	173.37988	 
575	89.036835	173.15091	 
576	89.12279	172.87843	 
577	88.12369	173.83234	 
578	85.89112	177.00981	 
579	83.18642	179.4927	 
580	82.14518	180.60742	 
581	79.69416	180.09508	 
582	77.519066	179.52481	 
583	74.233635	176.85495	 
584	73.45034	174.05309	 
585	74.53531	173.02338	 
586	74.57615	173.95891	 
587	73.874405	176.04684	 
588	72.92028	178.66934	 
589	71.42435	179.84148	 
590	69.03023	180.37012	 
591	66.73122	182.09212	 
592	63.260918	184.69278	 
593	59.469048	188.0954	 
594	55.02776	193.8299	 
595	53.24274	196.50058	 
596	51.775406	198.701	 
597	50.46747	200.94643	 
598	52.30583	202.43668	 
599	53.764008	202.97878	 
600	54.34279	204.34082	 
601	55.243748	206.00912	 
602	56.1462	208.35919	 
603	57.529915	208.9339	 
604	58.518597	211.20192	 
605	58.9128	214.62694	 
606	58.88077	218.3327	 
607	58.538654	222.37769	 
608	58.078735	226.23729	 
609	58.434853	229.28505	 
610	59.00839	231.89124	 
611	60.283268	234.69046	 
612	61.76592	240.34991	 
613	62.51119	248.45525	 
614	62.89156	259.71283	 
615	61.683186	270.6982	 
616	61.394867	281.8023	 
617	65.203636	296.36615	 
618	67.88785	310.7039	 
619	72.267685	325.28308	 
620	74.233315	337.99924	 
621	75.21738	349.74057	 
622	77.14996	361.6332	 
623	80.786	373.16214	 
624	83.77497	383.81052	 
625	87.24262	393.48373	 
626	88.31071	400.15265	 
627	88.24577	405.79288	 
628	86.049904	407.13467	 
629	84.15131	407.7384	 
630	84.74505	406.63837	 
631	86.299545	403.67963	 
632	88.060524	400.2184	 
633	88.29376	398.99503	 
634	92.45456	393.88416	 
635	95.39065	390.94498	 
636	97.15423	390.21295	 
637	101.21268	389.48877	 
638	101.840355	389.3754	 
639	102.36769	388.0585	 
640	103.18643	386.3232	 
641	104.07574	385.00674	 
642	106.46066	383.46213	 
643	106.994995	382.9472	 
644	108.62732	381.53784	 
645	109.969826	380.3969	 
646	113.030426	380.24094	 
647	115.12295	380.17224	 
648	116.05251	379.90164	 
649	116.92335	379.37787	 
650	116.7487	378.92307	 
651	114.96084	378.85672	 
652	113.44898	377.60236	 
653	112.07383	376.71344	 
654	110.96254	375.9031	 
655	108.75645	375.3638	 
656	107.616646	374.57965	 
657	105.29763	373.06052	 
658	104.11548	372.07916	 
659	101.82984	371.9539	 
660	102.289635	372.04306	 
661	102.492744	371.9546	 
662	101.68785	372.99792	 
663	100.57641	373.38596	 
664	99.47846	373.9569	 
665	99.1531	374.77972	 
666	99.228874	374.8324	 
667	98.92932	374.86328	 
668	99.8745	374.24213	 
669	99.73294	373.76462	 
670	99.5568	373.11414	 
671	100.48686	372.20966	 
672	99.4624	371.7259	 
673	101.17548	371.7083	 
674	103.979774	371.6917	 
675	105.880936	371.53397	 
676	105.10972	371.94586	 
677	103.51822	372.11005	 
678	102.423325	372.44733	 
679	101.84703	372.28152	 
680	101.3788	372.15317	 
681	101.04311	371.92975	 
682	100.47331	371.6487	 
683	99.601814	371.33475	 
684	99.130516	370.9493	 
685	99.48561	370.79642	 
686	99.362045	370.84256	 
687	98.503975	370.64862	 
688	97.4906	370.4462	 
689	97.3465	369.53485	 
690	101.40452	368.94012	 
691	107.594925	366.04886	 
692	110.98562	363.64764	 
693	113.96426	361.33524	 
694	115.26919	357.86777	 
695	116.467064	353.6745	 
696	117.44773	348.59528	 
697	117.95168	342.65414	 
698	117.09487	336.34045	 
699	117.02101	330.68295	 
700	118.22337	325.97253	 
701	121.04952	321.95773	 
702	123.571014	319.37915	 
703	125.69369	318.28894	 
704	127.117065	319.50818	 
705	127.95598	322.35147	 
706	128.00201	324.58536	 
707	127.31104	327.23328	 
708	127.383896	329.1756	 
709	128.36018	329.3873	 
710	130.2308	329.36096	 
711	131.1882	329.02496	 
712	132.34094	327.8071	 
713	132.41844	327.26617	 
714	133.78949	326.23428	 
715	135.89821	325.31927	 
716	139.0341	324.2634	 
717	140.18301	323.48212	 
718	141.03569	323.06357	 
719	142.25035	322.0968	 
720	141.61475	322.10635	 
721	141.04494	322.11902	 
722	140.26143	321.6137	 
723	138.31528	321.6587	 
724	136.85141	322.08032	 
725	135.77722	322.7206	 
726	135.50058	322.6338	 
727	135.06728	323.46973	 
728	134.42268	324.37833	 
729	132.58899	326.50537	 
730	130.62538	329.48578	 
731	129.65236	331.8552	 
732	129.25047	333.01575	 
733	127.924324	334.66385	 
734	126.26011	336.3339	 
735	123.185974	337.7307	 
736	118.5191	338.3591	 
737	113.95869	338.81046	 
738	111.37822	339.8618	 
739	110.487785	341.77606	 
740	108.31353	344.53116	 
741	107.55507	348.83945	 
742	109.96591	353.12112	 
743	113.04439	354.7997	 
744	114.69053	357.53674	 
745	114.198845	360.05353	 
746	112.53704	360.99823	 
747	108.7481	362.7162	 
748	104.486725	365.95068	 
749	103.34979	369.44827	 
750	103.17517	374.6578	 
751	102.24952	378.41486	 
752	101.29501	381.63324	 
753	99.93146	383.14734	 
754	97.88386	384.46182	 
755	97.9921	387.62192	 
756	97.49918	392.13522	 
757	97.21588	400.17593	 
758	98.31076	411.11545	 
759	101.959564	423.74115	 
760	106.16417	437.6623	 
761	110.78269	449.238	 
762	115.52433	459.57047	 
763	118.62795	469.77417	 
764	120.93475	480.91766	 
765	123.17866	491.35132	 
766	124.99002	502.9255	 
767	127.158806	512.4712	 
768	125.30504	524.0559	 
769	121.23796	532.11774	 
770	115.171196	541.66876	 
771	110.322685	548.5409	 
772	107.94018	551.8731	 
773	106.55005	555.3511	 
774	106.83419	556.0138	 
775	106.635605	554.5213	 
776	107.75723	551.6754	 
777	108.2707	549.9226	 
778	109.20324	548.55347	 
779	111.96787	547.04535	 
780	114.71989	545.484	 
781	117.27527	542.8654	 
782	118.00576	540.94904	 
783	118.84107	540.3126	 
784	121.26285	538.1704	 
785	122.6269	536.8482	 
786	123.53958	536.83826	 
787	123.009575	536.5753	 
788	122.01217	536.9856	 
789	121.21697	536.6563	 
790	119.88282	535.7629	 
791	118.559235	534.92206	 
792	117.04272	533.0499	 
793	116.569046	531.47375	 
794	116.87632	530.6089	 
795	117.203064	530.4619	 
796	117.538124	530.3893	 
797	117.422745	529.7251	 
798	117.62767	528.5609	 
799	117.53996	528.3742	 
800	117.384766	528.6682	 
801	116.74908	529.7139	 
802	116.35312	531.4819	 
803	116.12436	531.74255	 
804	117.6001	531.86053	 
805	117.38602	531.6858	 
806	116.897224	531.9534	 
807	116.525505	532.14703	 
808	116.163826	531.9091	 
809	115.213005	530.94824	 
810	115.699234	529.5764	 
811	116.70177	527.53253	 
812	116.662674	525.965	 
813	117.66752	524.8471	 
814	119.41515	524.2812	 
815	121.831436	524.8245	 
816	122.617905	527.04175	 
817	123.15795	529.3801	 
818	122.520645	531.79913	 
819	122.4586	533.60284	 
820	122.28876	535.7	 
821	121.83368	537.5561	 
822	120.57633	538.4014	 
823	120.09658	537.728	 
824	120.15234	537.3911	 
825	121.29768	536.84033	 
826	123.255806	535.4777	 
827	123.76646	532.23895	 
828	125.93994	530.03485	 
829	125.97128	528.1492	 
830	125.164345	526.2869	 
831	124.68275	524.97375	 
832	124.337234	522.8024	 
833	124.55687	520.01746	 
834	125.66968	516.75775	 
835	125.40944	515.7377	 
836	125.38755	515.7097	 
837	125.95206	515.84033	 
838	126.6996	515.27985	 
839	126.68814	515.06384	 
840	127.85084	514.5145	 
841	128.216	513.59106	 
842	128.43065	513.7223	 
843	128.92244	513.18365	 
844	129.20927	511.70767	 
845	129.49477	510.41248	 
846	130.15027	508.8062	 
847	131.35185	506.942	 
848	132.39474	504.203	 
849	133.64243	502.0849	 
850	134.89734	500.46548	 
851	136.60146	499.0512	 
852	138.22583	496.97458	 
853	140.06743	493.54742	 
854	141.99455	488.3124	 
855	144.91948	482.00024	 
856	147.45554	479.02515	 
857	151.31648	478.50162	 
858	156.28322	477.6494	 
859	161.28926	474.6014	 
860	169.30212	470.30798	 
861	178.30128	463.39478	 
862	186.40399	458.12714	 
863	196.52118	453.9022	 
864	204.10342	451.551	 
865	213.03664	448.0208	 
866	221.33134	445.41553	 
867	230.34529	442.82315	 
868	240.46846	439.98212	 
869	252.01033	438.5018	 
870	265.06223	437.1532	 
871	277.82553	434.50385	 
872	293.24457	431.1445	 
873	307.716	426.57648	 
874	320.25253	422.43246	 
875	333.22455	418.57315	 
876	344.3632	414.47684	 
877	354.47263	409.83374	 
878	363.3675	404.54327	 
879	371.74344	400.997	 
880	380.19165	398.10226	 
881	387.732	396.32452	 
882	392.45462	394.07077	 
883	394.64594	390.92468	 
884	395.54892	390.0706	 
885	395.26663	390.75375	 
886	394.528	391.40826	 
887	394.55676	392.07452	 
888	395.104	392.5124	 
889	395.34222	392.71686	 
890	395.2731	393.13168	 
891	394.51227	393.25626	 
892	394.4264	393.2123	 
893	395.94363	393.3231	 
894	396.63275	393.15552	 
895	397.2588	392.70966	 
896	396.83636	392.36948	 
897	396.8945	391.57034	 
898	396.97824	390.27774	 
899	397.74557	388.431	 
900	397.52432	387.13904	 
901	398.2283	385.33887	 
902	395.90546	384.5254	 
903	394.5028	384.30356	 
904	393.0	384.4427	 
905	392.27777	383.95728	 
906	391.3497	384.38226	 
907	390.71533	384.91437	 
908	390.34445	385.63174	 
909	390.339	385.3506	 
910	391.90912	383.8295	 
911	394.36084	381.22354	 
912	398.24332	377.58475	 
913	402.9976	373.20975	 
914	405.64343	372.54752	 
915	406.46588	373.0684	 
916	406.91522	373.3669	 
917	405.99194	374.16196	 
918	405.95233	373.70026	 
919	406.66635	372.75	 
920	408.79727	370.61746	 
921	412.1416	368.56915	 
922	416.89105	366.38922	 
923	422.15564	364.2066	 
924	428.5294	360.53857	 
925	433.44998	355.70007	 
926	439.56766	349.70654	 
927	445.41473	343.27606	 
928	451.95963	336.24457	 
929	460.46054	328.38004	 
930	467.65024	323.12375	 
931	473.40863	319.67664	 
932	478.8964	317.30374	 
933	482.92093	316.58292	 
934	486.19553	315.36435	 
935	489.17984	313.41678	 
936	491.1941	312.76227	 
937	490.2247	313.4305	 
938	489.1796	313.8075	 
939	487.64658	314.53577	 
940	486.54764	314.66492	 
941	485.97763	314.41013	 
942	485.59726	314.48672	 
943	486.94846	314.6337	 
944	489.99982	314.9503	 
945	494.73038	315.20822	 
946	501.16434	315.03076	 
947	506.75082	314.90887	 
948	512.6876	314.78824	 
949	517.1687	314.19165	 
950	522.33496	313.86276	 
951	525.58966	314.1606	 
952	525.52856	313.858	 
953	525.23566	313.21664	 
954	525.877	312.24973	 
955	527.6494	310.90756	 
956	531.6704	309.2684	 
957	534.95496	307.86526	 
958	540.8255	306.51028	 
959	542.827	306.64395	 
960	542.9204	306.94302	 
961	542.75714	307.10925	 
962	543.4147	308.08698	 
963	543.24164	308.8658	 
964	543.88025	309.40903	 
965	544.93646	310.09995	 
966	544.81757	310.65927	 
967	545.2032	311.3284	 
968	544.5849	312.11197	 
969	542.16864	313.43912	 
970	535.0808	313.99768	 
971	529.9585	314.07062	 
972	526.9514	314.24478	 
973	526.2367	314.52603	 
974	528.2189	315.87152	 
975	530.65924	319.00458	 
976	531.882	322.55252	 
977	533.51776	326.0685	 
978	537.0849	329.42975	 
979	541.6896	333.24844	 
980	546.02765	338.73245	 
981	547.7259	344.8968	 
982	550.0334	349.8685	 
983	553.0769	354.87494	 
984	559.9819	361.50348	 
985	563.14966	364.73737	 
986	564.92236	369.0835	 
987	564.53625	371.04407	 
988	562.9064	370.66266	 
989	561.0465	369.82617	 
990	559.3693	369.2323	 
991	559.42566	370.10022	 
992	559.2879	370.01044	 
993	559.50836	370.1652	 
994	560.7956	370.55786	 
995	562.1919	371.4317	 
996	562.7698	371.10144	 
997	563.3847	371.3651	 
998	563.8645	371.30496	 
999	563.95435	370.3864	 
1000	563.8888	370.23395	 

Track 	Length	Distance traveled	Nr of Frames
1	2878.669	290.48032	1000
