Frame	X1	Y1	Flag1	X2	Y2	Flag2	X3	Y3	Flag3	X4	Y4	Flag4
Tracks 1 to 4
1	332.2762	51.870083	 	 	 	 	 	 	 	 	 	 
2	330.81607	50.988583	 	 	 	 	 	 	 	 	 	 
3	330.127	51.87336	 	 	 	 	 	 	 	 	 	 
4	329.28687	50.848755	 	 	 	 	 	 	 	 	 	 
5	328.16055	52.474007	 	 	 	 	 	 	 	 	 	 
6	326.49963	52.471245	 	 	 	 	 	 	 	 	 	 
7	324.7495	51.73059	 	 	 	 	 	 	 	 	 	 
8	322.3806	51.259323	 	 	 	 	 	 	 	 	 	 
9	316.8212	48.560528	 	 	 	 	 	 	 	 	 	 
10	312.1297	46.647015	 	 	 	 	 	 	 	 	 	 
11	305.8023	42.99184	 	 	 	 	 	 	 	 	 	 
12	299.75116	37.75305	 	 	 	 	 	 	 	 	 	 
13	297.6427	32.840164	 	 	 	 	 	 	 	 	 	 
14	296.34726	30.436188	 	 	 	 	 	 	 	 	 	 
15	295.7378	30.032259	 	 	 	 	 	 	 	 	 	 
16	293.20587	29.106436	 	 	 	 	 	 	 	 	 	 
17	292.2005	28.227886	 	 	 	 	 	 	 	 	 	 
18	290.54648	27.403456	 	 	 	 	 	 	 	 	 	 
19	288.7995	26.94457	 	 	 	 	 	 	 	 	 	 
20	287.4322	26.333912	 	 	 	 	 	 	 	 	 	 
21	283.1143	25.777523	 	 	 	 	 	 	 	 	 	 
22	276.78787	25.833853	 	 	 	 	 	 	 	 	 	 
23	273.16235	25.972086	 	 	 	 	 	 	 	 	 	 
24	268.05176	27.083647	 	 	 	 	 	 	 	 	 	 
25	266.02148	27.081305	 	 	 	 	 	 	 	 	 	 
26	264.9513	28.5132	 	 	 	 	 	 	 	 	 	 
27	265.92456	32.054173	 	 	 	 	 	 	 	 	 	 
28	264.70767	33.67884	 	 	 	 	 	 	 	 	 	 
29	263.37128	34.830887	 	 	 	 	 	 	 	 	 	 
30	261.63522	35.285713	 	 	 	 	 	 	 	 	 	 
31	256.0204	35.378765	 	 	 	 	 	 	 	 	 	 
32	247.9004	35.35393	 	 	 	 	 	 	 	 	 	 
33	237.66315	36.722866	 	 	 	 	 	 	 	 	 	 
34	226.66667	38.088436	 	 	 	 	 	 	 	 	 	 
35	215.57938	38.888985	 	 	 	 	 	 	 	 	 	 
36	204.20717	39.277084	 	 	 	 	 	 	 	 	 	 
37	193.51173	41.58043	 	 	 	 	 	 	 	 	 	 
38	183.58719	43.377735	 	 	 	 	 	 	 	 	 	 
39	170.59811	45.199043	 	 	 	 	 	 	 	 	 	 
40	157.1347	46.95119	 	 	 	 	 	 	 	 	 	 
41	142.0616	48.751198	 	 	 	 	 	 	 	 	 	 
42	128.4707	52.42779	 	 	 	 	 	 	 	 	 	 
43	114.831604	54.585587	 	 	 	 	 	 	 	 	 	 
44	101.01364	56.38097	 	 	 	 	 	 	 	 	 	 
45	87.01523	57.22957	 	 	 	 	 	 	 	 	 	 
46	80.47785	58.093235	 	 	 	 	 	 	 	 	 	 
47	79.80277	58.465363	 	 	 	 	 	 	 	 	 	 
48	79.095505	59.220245	 	 	 	 	 	 	 	 	 	 
49	79.67005	59.876625	 	 	 	 	 	 	 	 	 	 
50	80.52465	60.187347	 	 	 	 	 	 	 	 	 	 
51	81.12893	60.26793	 	 	 	 	 	 	 	 	 	 
52	81.37011	60.375755	 	 	 	 	 	 	 	 	 	 
53	81.88873	60.48096	 	 	 	 	 	 	 	 	 	 
54	81.34558	60.311787	 	 	 	 	 	 	 	 	 	 
55	81.45303	60.24638	 	 	 	 	 	 	 	 	 	 
56	81.70949	60.33439	 	 	 	 	 	 	 	 	 	 
57	81.924866	60.348938	 	 	 	 	 	 	 	 	 	 
58	82.10835	60.307327	 	 	 	 	 	 	 	 	 	 
59	82.25823	60.19906	 	 	 	 	 	 	 	 	 	 
60	84.64192	60.12387	 	 	 	 	 	 	 	 	 	 
61	85.48159	59.337563	 	 	 	 	 	 	 	 	 	 
62	86.17702	57.77097	 	 	 	 	 	 	 	 	 	 
63	86.378525	56.217476	 	 	 	 	 	 	 	 	 	 
64	86.44721	53.440098	 	 	 	 	 	 	 	 	 	 
65	86.04951	49.976433	 	 	 	 	 	 	 	 	 	 
66	84.30586	46.07501	 	 	 	 	 	 	 	 	 	 
67	80.26249	43.394516	 	 	 	 	 	 	 	 	 	 
68	75.58272	41.352245	 	 	 	 	 	 	 	 	 	 
69	68.00688	38.398342	 	 	 	 	 	 	 	 	 	 
70	62.468414	36.03662	 	 	 	 	 	 	 	 	 	 
71	59.595737	34.121243	 	 	 	 	 	 	 	 	 	 
72	57.823605	33.093716	 	 	 	 	 	 	 	 	 	 
73	56.499626	33.725075	 	 	 	 	 	 	 	 	 	 
74	57.539146	35.07414	 	 	 	 	 	 	 	 	 	 
75	58.135757	35.559334	 	 	 	 	 	 	 	 	 	 
76	59.029934	35.39803	 	 	 	 	 	 	 	 	 	 
77	60.96437	35.27118	 	 	 	 	 	 	 	 	 	 
78	61.907696	34.872715	 	 	 	 	 	 	 	 	 	 
79	62.341785	34.912125	 	 	 	 	 	 	 	 	 	 
80	60.53633	33.80165	 	 	 	 	 	 	 	 	 	 
81	60.086487	33.221233	 	 	 	 	 	 	 	 	 	 
82	60.129875	33.086094	 	 	 	 	 	 	 	 	 	 
83	59.477913	32.36749	 	 	 	 	 	 	 	 	 	 
84	60.110683	31.547436	 	 	 	 	 	 	 	 	 	 
85	60.67042	30.78779	 	 	 	 	 	 	 	 	 	 
86	66.58353	31.564037	 	 	 	 	 	 	 	 	 	 
87	66.7984	31.481672	 	 	 	 	 	 	 	 	 	 
88	67.81259	29.994495	 	 	 	 	 	 	 	 	 	 
89	69.31794	30.942287	 	 	 	 	 	 	 	 	 	 
90	69.44155	30.269438	 	 	 	 	 	 	 	 	 	 
91	68.88407	27.96533	 	 	 	 	 	 	 	 	 	 
92	68.330734	26.99509	 	 	 	 	 	 	 	 	 	 
93	68.05473	26.457458	 	 	 	 	 	 	 	 	 	 
94	66.82522	25.608986	 	 	 	 	 	 	 	 	 	 
95	67.84834	24.624407	 	 	 	 	 	 	 	 	 	 
96	70.00129	24.423424	 	 	 	 	 	 	 	 	 	 
97	67.50299	22.212574	 	 	 	 	 	 	 	 	 	 
98	68.18799	21.546469	 	 	 	 	 	 	 	 	 	 
99	69.95181	20.718384	 	 	 	 	 	 	 	 	 	 
100	75.24413	21.772066	 	 	 	 	 	 	 	 	 	 
101	81.96293	22.344133	 	 	 	 	 	 	 	 	 	 
102	85.68115	22.580166	 	 	 	 	 	 	 	 	 	 
103	94.88299	21.595636	 	 	 	 	 	 	 	 	 	 
104	100.34828	21.90058	 	 	 	 	 	 	 	 	 	 
105	106.00786	21.552511	 	 	 	 	 	 	 	 	 	 
106	109.449425	21.812052	 	 	 	 	 	 	 	 	 	 
107	110.535385	22.994638	 	 	 	 	 	 	 	 	 	 
108	109.20025	23.932423	 	 	 	 	 	 	 	 	 	 
109	106.60085	24.73409	 	 	 	 	 	 	 	 	 	 
110	106.392494	25.105076	 	 	 	 	 	 	 	 	 	 
111	110.26571	24.80245	 	 	 	 	 	 	 	 	 	 
112	115.23215	25.768896	 	 	 	 	 	 	 	 	 	 
113	122.15636	27.552355	 	 	 	 	 	 	 	 	 	 
114	128.77408	29.117367	 	 	 	 	 	 	 	 	 	 
115	138.43462	31.544735	 	 	 	 	 	 	 	 	 	 
116	150.91263	33.80709	 	 	 	 	 	 	 	 	 	 
117	162.86778	34.185795	 	 	 	 	 	 	 	 	 	 
118	177.43538	34.731693	 	 	 	 	 	 	 	 	 	 
119	193.01674	36.916275	 	 	 	 	 	 	 	 	 	 
120	208.8232	39.619892	 	 	 	 	 	 	 	 	 	 
121	223.76608	42.184246	 	 	 	 	 	 	 	 	 	 
122	236.4301	42.56583	 	 	 	 	 	 	 	 	 	 
123	248.23314	42.72586	 	 	 	 	 	 	 	 	 	 
124	259.37042	42.664486	 	 	 	 	 	 	 	 	 	 
125	270.245	42.644115	 	 	 	 	 	 	 	 	 	 
126	280.28693	44.964024	 	 	 	 	 	 	 	 	 	 
127	289.46606	45.227016	 	 	 	 	 	 	 	 	 	 
128	297.38998	45.48594	 	 	 	 	 	 	 	 	 	 
129	305.10306	45.706112	 	 	 	 	 	 	 	 	 	 
130	311.70184	48.757317	 	 	 	 	 	 	 	 	 	 
131	318.46515	53.421078	 	 	 	 	 	 	 	 	 	 
132	326.75458	60.244053	 	 	 	 	 	 	 	 	 	 
133	336.4807	64.96374	 	 	 	 	 	 	 	 	 	 
134	346.22238	68.73113	 	 	 	 	 	 	 	 	 	 
135	357.31537	72.455284	 	 	 	 	 	 	 	 	 	 
136	367.8957	76.34248	 	 	 	 	 	 	 	 	 	 
137	380.33994	80.44357	 	 	 	 	 	 	 	 	 	 
138	395.099	86.502144	 	 	 	 	 	 	 	 	 	 
139	409.89093	91.58049	 	 	 	 	 	 	 	 	 	 
140	423.74445	96.05482	 	 	 	 	 	 	 	 	 	 
141	438.39334	102.05096	 	 	 	 	 	 	 	 	 	 
142	453.81674	109.06047	 	 	 	 	 	 	 	 	 	 
143	468.4294	117.4973	 	 	 	 	 	 	 	 	 	 
144	483.1426	125.89539	 	 	 	 	 	 	 	 	 	 
145	496.31537	133.10564	 	 	 	 	 	 	 	 	 	 
146	507.44827	141.03368	 	 	 	 	 	 	 	 	 	 
147	517.4263	151.42325	 	 	 	 	 	 	 	 	 	 
148	526.1099	162.82855	 	 	 	 	 	 	 	 	 	 
149	536.03156	171.85698	 	 	 	 	 	 	 	 	 	 
150	547.5056	180.98877	 	 	 	 	 	 	 	 	 	 
151	553.886	187.32896	 	 	 	 	 	 	 	 	 	 
152	555.3099	191.1808	 	 	 	 	 	 	 	 	 	 
153	554.46277	194.71188	 	 	 	 	 	 	 	 	 	 
154	554.8156	198.62363	 	 	 	 	 	 	 	 	 	 
155	555.92523	201.76408	 	 	 	 	 	 	 	 	 	 
156	557.18036	204.01785	 	 	 	 	 	 	 	 	 	 
157	555.71893	204.74614	 	 	 	 	 	 	 	 	 	 
158	554.978	205.20988	 	 	 	 	 	 	 	 	 	 
159	555.44684	205.73787	 	 	 	 	 	 	 	 	 	 
160	557.5665	207.26373	 	 	 	 	 	 	 	 	 	 
161	560.5032	210.14742	 	 	 	 	 	 	 	 	 	 
162	562.5974	214.61513	 	 	 	 	 	 	 	 	 	 
163	563.43274	220.43802	 	 	 	 	 	 	 	 	 	 
164	563.85425	222.3497	 	 	 	 	 	 	 	 	 	 
165	564.57635	222.85735	 	 	 	 	 	 	 	 	 	 
166	565.1016	223.3561	 	 	 	 	 	 	 	 	 	 
167	565.4691	223.21227	 	 	 	 	 	 	 	 	 	 
168	566.2656	222.32498	 	 	 	 	 	 	 	 	 	 
169	566.8592	221.04294	 	 	 	 	 	 	 	 	 	 
170	568.4351	220.31801	 	 	 	 	 	 	 	 	 	 
171	569.0017	219.55792	 	 	 	 	 	 	 	 	 	 
172	568.87396	218.59906	 	 	 	 	 	 	 	 	 	 
173	570.00726	217.75484	 	 	 	 	 	 	 	 	 	 
174	571.15424	216.55705	 	 	 	 	 	 	 	 	 	 
175	572.7905	214.15355	 	 	 	 	 	 	 	 	 	 
176	574.325	213.08392	 	 	 	 	 	 	 	 	 	 
177	575.13794	212.11295	 	 	 	 	 	 	 	 	 	 
178	576.33	211.00887	 	 	 	 	 	 	 	 	 	 
179	580.88416	208.33517	 	 	 	 	 	 	 	 	 	 
180	589.9103	198.44627	 	 	 	 	 	 	 	 	 	 
181	593.0592	191.7	 	 	 	 	 	 	 	 	 	 
182	591.82874	181.11314	 	 	 	 	 	 	 	 	 	 
183	589.3585	172.37927	 	 	 	 	 	 	 	 	 	 
184	584.3933	169.15462	 	 	 	 	 	 	 	 	 	 
185	578.39685	166.89183	 	 	 	 	 	 	 	 	 	 
186	575.4073	162.22426	 	 	 	 	 	 	 	 	 	 
187	573.56647	157.9175	 	 	 	 	 	 	 	 	 	 
188	572.2574	154.91203	 	 	 	 	 	 	 	 	 	 
189	569.7897	152.15341	 	 	 	 	 	 	 	 	 	 
190	567.8987	150.4836	 	 	 	 	 	 	 	 	 	 
191	564.6596	149.66594	 	 	 	 	 	 	 	 	 	 
192	561.67456	149.77686	 	 	 	 	 	 	 	 	 	 
193	560.34045	150.30238	 	 	 	 	 	 	 	 	 	 
194	557.6337	150.55263	 	 	 	 	 	 	 	 	 	 
195	551.34235	151.66899	 	 	 	 	 	 	 	 	 	 
196	550.75714	151.74861	 	 	 	 	 	 	 	 	 	 
197	551.03076	152.01698	 	 	 	 	 	 	 	 	 	 
198	555.6969	151.42557	 	 	 	 	 	 	 	 	 	 
199	556.322	151.89621	 	 	 	 	 	 	 	 	 	 
200	556.7288	152.11102	 	 	 	 	 	 	 	 	 	 
201	557.6615	152.08075	 	 	 	 	 	 	 	 	 	 
202	557.3738	152.0002	 	 	 	 	 	 	 	 	 	 
203	557.3032	151.885	 	 	 	 	 	 	 	 	 	 
204	557.9633	151.44576	 	 	 	 	 	 	 	 	 	 
205	558.12085	151.45409	 	 	 	 	 	 	 	 	 	 
206	558.0769	151.3349	 	 	 	 	 	 	 	 	 	 
207	558.06213	151.27538	 	 	 	 	 	 	 	 	 	 
208	558.3608	151.0771	 	 	 	 	 	 	 	 	 	 
209	558.5689	150.71896	 	 	 	 	 	 	 	 	 	 
210	559.0839	149.99483	 	 	 	 	 	 	 	 	 	 
211	559.95593	149.10254	 	 	 	 	 	 	 	 	 	 
212	560.43713	148.63553	 	 	 	 	 	 	 	 	 	 
213	557.12134	148.10374	 	 	 	 	 	 	 	 	 	 
214	557.2186	146.05933	 	 	 	 	 	 	 	 	 	 
215	557.10425	143.51001	 	 	 	 	 	 	 	 	 	 
216	556.7798	140.44696	 	 	 	 	 	 	 	 	 	 
217	556.2577	136.31703	 	 	 	 	 	 	 	 	 	 
218	555.25934	129.57283	 	 	 	 	 	 	 	 	 	 
219	553.0014	121.9548	 	 	 	 	 	 	 	 	 	 
220	550.2105	112.80337	 	 	 	 	 	 	 	 	 	 
221	545.66974	103.496284	 	 	 	 	 	 	 	 	 	 
222	539.06683	93.196106	 	 	 	 	 	 	 	 	 	 
223	532.3566	83.82255	 	 	 	 	 	 	 	 	 	 
224	528.31604	72.6956	 	 	 	 	 	 	 	 	 	 
225	522.2337	60.17	 	 	 	 	 	 	 	 	 	 
226	515.63293	53.722927	 	 	 	 	 	 	 	 	 	 
227	511.81384	53.049297	 	 	 	 	 	 	 	 	 	 
228	509.65338	51.32395	 	 	 	 	 	 	 	 	 	 
229	508.3321	47.21718	 	 	 	 	 	 	 	 	 	 
230	504.04678	42.02178	 	 	 	 	 	 	 	 	 	 
231	502.03253	44.773132	 	 	 	 	 	 	 	 	 	 
232	499.59396	44.4605	 	 	 	 	 	 	 	 	 	 
233	496.16943	41.28018	 	 	 	 	 	 	 	 	 	 
234	493.73993	40.387207	 	 	 	 	 	 	 	 	 	 
235	490.9914	39.264107	 	 	 	 	 	 	 	 	 	 
236	488.62558	38.4808	 	 	 	 	 	 	 	 	 	 
237	488.4023	41.0456	 	 	 	 	 	 	 	 	 	 
238	485.46817	42.16331	 	 	 	 	 	 	 	 	 	 
239	478.2543	39.727234	 	 	 	 	 	 	 	 	 	 
240	469.9172	38.13893	 	 	 	 	 	 	 	 	 	 
241	463.78488	36.793083	 	 	 	 	 	 	 	 	 	 
242	458.47412	35.680023	 	 	 	 	 	 	 	 	 	 
243	455.1504	34.55006	 	 	 	 	 	 	 	 	 	 
244	453.89816	34.171654	 	 	 	 	 	 	 	 	 	 
245	453.0933	35.801594	 	 	 	 	 	 	 	 	 	 
246	453.44467	38.30164	 	 	 	 	 	 	 	 	 	 
247	454.0133	38.960857	 	 	 	 	 	 	 	 	 	 
248	453.57025	38.92728	 	 	 	 	 	 	 	 	 	 
249	452.213	38.312473	 	 	 	 	 	 	 	 	 	 
250	451.18567	37.697468	 	 	 	 	 	 	 	 	 	 
251	451.67203	38.172657	 	 	 	 	 	 	 	 	 	 
252	453.05576	38.636692	 	 	 	 	 	 	 	 	 	 
253	454.95334	40.37464	 	 	 	 	 	 	 	 	 	 
254	454.1588	39.50337	 	 	 	 	 	 	 	 	 	 
255	453.95807	39.465115	 	 	 	 	 	 	 	 	 	 
256	454.08157	39.505398	 	 	 	 	 	 	 	 	 	 
257	453.8596	38.82383	 	 	 	 	 	 	 	 	 	 
258	454.34256	37.94273	 	 	 	 	 	 	 	 	 	 
259	453.26035	37.096916	 	 	 	 	 	 	 	 	 	 
260	452.88773	37.311577	 	 	 	 	 	 	 	 	 	 
261	453.25397	36.90861	 	 	 	 	 	 	 	 	 	 
262	453.93246	36.593178	 	 	 	 	 	 	 	 	 	 
263	453.9565	35.975834	 	 	 	 	 	 	 	 	 	 
264	453.66772	36.14043	 	 	 	 	 	 	 	 	 	 
265	453.6482	36.130894	 	 	 	 	 	 	 	 	 	 
266	453.69208	36.085693	 	 	 	 	 	 	 	 	 	 
267	453.95914	34.68568	 	 	 	 	 	 	 	 	 	 
268	454.69397	33.404408	 	 	 	 	 	 	 	 	 	 
269	455.24448	33.14725	 	 	 	 	 	 	 	 	 	 
270	455.97607	29.85615	 	 	 	 	 	 	 	 	 	 
271	457.02216	21.989756	 	 	 	 	 	 	 	 	 	 
272	 	 	 	 	 	 	 	 	 	 	 	 
273	 	 	 	432.8957	10.890287	 	 	 	 	 	 	 
274	 	 	 	426.3444	13.86747	 	 	 	 	 	 	 
275	 	 	 	430.835	20.174404	 	 	 	 	 	 	 
276	 	 	 	426.80414	27.415876	 	 	 	 	 	 	 
277	 	 	 	423.2616	32.39649	 	 	 	 	 	 	 
278	 	 	 	419.73862	35.266575	 	 	 	 	 	 	 
279	 	 	 	417.1284	37.927765	 	 	 	 	 	 	 
280	 	 	 	415.45758	39.64109	 	 	 	 	 	 	 
281	 	 	 	412.87973	40.146137	 	 	 	 	 	 	 
282	 	 	 	410.1818	41.392265	 	 	 	 	 	 	 
283	 	 	 	407.80582	41.89568	 	 	 	 	 	 	 
284	 	 	 	406.45032	42.96254	 	 	 	 	 	 	 
285	 	 	 	405.95	45.60322	 	 	 	 	 	 	 
286	 	 	 	405.42358	46.747066	 	 	 	 	 	 	 
287	 	 	 	402.8047	48.610794	 	 	 	 	 	 	 
288	 	 	 	400.90063	50.55412	 	 	 	 	 	 	 
289	 	 	 	399.06857	52.63755	 	 	 	 	 	 	 
290	 	 	 	397.13538	55.086105	 	 	 	 	 	 	 
291	 	 	 	395.7757	56.65871	 	 	 	 	 	 	 
292	 	 	 	395.63498	57.703144	 	 	 	 	 	 	 
293	 	 	 	397.17062	59.125343	 	 	 	 	 	 	 
294	 	 	 	398.75452	60.25987	 	 	 	 	 	 	 
295	 	 	 	399.69376	61.422596	 	 	 	 	 	 	 
296	 	 	 	400.05212	62.422543	 	 	 	 	 	 	 
297	 	 	 	399.9386	62.33143	 	 	 	 	 	 	 
298	 	 	 	399.1729	61.67653	 	 	 	 	 	 	 
299	 	 	 	399.18677	61.742466	 	 	 	 	 	 	 
300	 	 	 	399.18405	61.633816	 	 	 	 	 	 	 
301	 	 	 	398.94025	61.10691	 	 	 	 	 	 	 
302	 	 	 	398.33542	60.786377	 	 	 	 	 	 	 
303	 	 	 	397.6098	60.621185	 	 	 	 	 	 	 
304	 	 	 	397.06763	59.14987	 	 	 	 	 	 	 
305	 	 	 	395.96103	56.651367	 	 	 	 	 	 	 
306	 	 	 	394.5544	52.261642	 	 	 	 	 	 	 
307	 	 	 	394.06772	48.9821	 	 	 	 	 	 	 
308	 	 	 	393.10623	48.086445	 	 	 	 	 	 	 
309	 	 	 	392.80676	48.190586	 	 	 	 	 	 	 
310	 	 	 	393.20834	48.97515	 	 	 	 	 	 	 
311	 	 	 	393.9272	50.81922	 	 	 	 	 	 	 
312	 	 	 	394.86295	52.587257	 	 	 	 	 	 	 
313	 	 	 	396.00772	52.233677	 	 	 	 	 	 	 
314	 	 	 	396.81442	52.092403	 	 	 	 	 	 	 
315	 	 	 	397.42368	52.48505	 	 	 	 	 	 	 
316	 	 	 	398.38092	52.52507	 	 	 	 	 	 	 
317	 	 	 	399.7799	51.745064	 	 	 	 	 	 	 
318	 	 	 	400.7492	51.139626	 	 	 	 	 	 	 
319	 	 	 	401.51767	52.013523	 	 	 	 	 	 	 
320	 	 	 	401.93646	50.35988	 	 	 	 	 	 	 
321	 	 	 	402.24713	50.081093	 	 	 	 	 	 	 
322	 	 	 	402.4508	49.823597	 	 	 	 	 	 	 
323	 	 	 	402.5828	49.958412	 	 	 	 	 	 	 
324	 	 	 	402.8155	50.239986	 	 	 	 	 	 	 
325	 	 	 	402.96405	50.213467	 	 	 	 	 	 	 
326	 	 	 	403.4658	50.460415	 	 	 	 	 	 	 
327	 	 	 	404.22348	50.915146	 	 	 	 	 	 	 
328	 	 	 	405.27075	51.589603	 	 	 	 	 	 	 
329	 	 	 	406.1598	52.036633	 	 	 	 	 	 	 
330	 	 	 	406.89673	51.69378	 	 	 	 	 	 	 
331	 	 	 	406.7839	52.69821	 	 	 	 	 	 	 
332	 	 	 	406.68707	52.54026	 	 	 	 	 	 	 
333	 	 	 	405.81696	53.46987	 	 	 	 	 	 	 
334	 	 	 	405.6703	53.08289	 	 	 	 	 	 	 
335	 	 	 	405.79877	52.99754	 	 	 	 	 	 	 
336	 	 	 	406.01166	52.719223	 	 	 	 	 	 	 
337	 	 	 	405.94702	52.921032	 	 	 	 	 	 	 
338	 	 	 	405.51596	53.62264	 	 	 	 	 	 	 
339	 	 	 	405.14755	54.004032	 	 	 	 	 	 	 
340	 	 	 	404.68777	54.399487	 	 	 	 	 	 	 
341	 	 	 	404.4413	54.631477	 	 	 	 	 	 	 
342	 	 	 	404.45987	54.58835	 	 	 	 	 	 	 
343	 	 	 	404.46988	54.581917	 	 	 	 	 	 	 
344	 	 	 	404.2651	54.27693	 	 	 	 	 	 	 
345	 	 	 	404.18256	54.303406	 	 	 	 	 	 	 
346	 	 	 	404.14807	54.206802	 	 	 	 	 	 	 
347	 	 	 	404.28275	54.297127	 	 	 	 	 	 	 
348	 	 	 	404.3367	54.079346	 	 	 	 	 	 	 
349	 	 	 	404.37955	54.37369	 	 	 	 	 	 	 
350	 	 	 	404.3643	54.21649	 	 	 	 	 	 	 
351	 	 	 	404.38547	53.90983	 	 	 	 	 	 	 
352	 	 	 	404.59787	53.511925	 	 	 	 	 	 	 
353	 	 	 	404.8218	53.3332	 	 	 	 	 	 	 
354	 	 	 	404.69846	53.45966	 	 	 	 	 	 	 
355	 	 	 	404.6822	53.477634	 	 	 	 	 	 	 
356	 	 	 	404.62222	53.36807	 	 	 	 	 	 	 
357	 	 	 	404.45297	53.17207	 	 	 	 	 	 	 
358	 	 	 	404.43756	52.50955	 	 	 	 	 	 	 
359	 	 	 	403.1295	53.299835	 	 	 	 	 	 	 
360	 	 	 	402.4168	54.590755	 	 	 	 	 	 	 
361	 	 	 	402.12018	55.80546	 	 	 	 	 	 	 
362	 	 	 	401.26462	56.31318	 	 	 	 	 	 	 
363	 	 	 	398.9285	58.13103	 	 	 	 	 	 	 
364	 	 	 	396.7124	59.54633	 	 	 	 	 	 	 
365	 	 	 	393.67145	60.58123	 	 	 	 	 	 	 
366	 	 	 	390.82007	61.662907	 	 	 	 	 	 	 
367	 	 	 	387.63196	62.0042	 	 	 	 	 	 	 
368	 	 	 	382.71024	61.20901	 	 	 	 	 	 	 
369	 	 	 	377.80325	60.679287	 	 	 	 	 	 	 
370	 	 	 	372.30338	61.142773	 	 	 	 	 	 	 
371	 	 	 	363.6901	61.39521	 	 	 	 	 	 	 
372	 	 	 	356.8687	60.75761	 	 	 	 	 	 	 
373	 	 	 	349.02673	61.859688	 	 	 	 	 	 	 
374	 	 	 	339.64252	64.45707	 	 	 	 	 	 	 
375	 	 	 	330.81732	67.91025	 	 	 	 	 	 	 
376	 	 	 	321.04663	70.65887	 	 	 	 	 	 	 
377	 	 	 	309.77457	73.42693	 	 	 	 	 	 	 
378	 	 	 	295.51282	77.34621	 	 	 	 	 	 	 
379	 	 	 	282.13654	82.02066	 	 	 	 	 	 	 
380	 	 	 	269.13934	87.63034	 	 	 	 	 	 	 
381	 	 	 	256.78473	93.398605	 	 	 	 	 	 	 
382	 	 	 	244.1604	98.15571	 	 	 	 	 	 	 
383	 	 	 	230.33165	105.45231	 	 	 	 	 	 	 
384	 	 	 	216.47665	114.0089	 	 	 	 	 	 	 
385	 	 	 	204.55907	122.74265	 	 	 	 	 	 	 
386	 	 	 	197.31592	130.17819	 	 	 	 	 	 	 
387	 	 	 	192.92778	134.1764	 	 	 	 	 	 	 
388	 	 	 	190.4211	135.98073	 	 	 	 	 	 	 
389	 	 	 	191.56573	133.9644	 	 	 	 	 	 	 
390	 	 	 	194.41014	132.0671	 	 	 	 	 	 	 
391	 	 	 	196.65538	130.50836	 	 	 	 	 	 	 
392	 	 	 	197.96007	128.64684	 	 	 	 	 	 	 
393	 	 	 	199.69852	127.326195	 	 	 	 	 	 	 
394	 	 	 	200.63753	126.02381	 	 	 	 	 	 	 
395	 	 	 	200.01755	124.80731	 	 	 	 	 	 	 
396	 	 	 	198.66406	124.273766	 	 	 	 	 	 	 
397	 	 	 	195.8411	124.23707	 	 	 	 	 	 	 
398	 	 	 	192.98312	124.16117	 	 	 	 	 	 	 
399	 	 	 	191.16904	124.19701	 	 	 	 	 	 	 
400	 	 	 	189.97964	124.38556	 	 	 	 	 	 	 
401	 	 	 	189.2611	124.25515	 	 	 	 	 	 	 
402	 	 	 	190.98564	124.611374	 	 	 	 	 	 	 
403	 	 	 	193.7651	124.8752	 	 	 	 	 	 	 
404	 	 	 	197.66075	124.71517	 	 	 	 	 	 	 
405	 	 	 	201.68088	124.70931	 	 	 	 	 	 	 
406	 	 	 	204.00185	124.6829	 	 	 	 	 	 	 
407	 	 	 	204.72237	125.38861	 	 	 	 	 	 	 
408	 	 	 	204.31274	126.36738	 	 	 	 	 	 	 
409	 	 	 	205.29892	126.527954	 	 	 	 	 	 	 
410	 	 	 	204.94783	128.01309	 	 	 	 	 	 	 
411	 	 	 	205.58218	129.0599	 	 	 	 	 	 	 
412	 	 	 	205.44514	129.62877	 	 	 	 	 	 	 
413	 	 	 	205.04468	130.25195	 	 	 	 	 	 	 
414	 	 	 	205.30154	130.97455	 	 	 	 	 	 	 
415	 	 	 	205.1872	131.67235	 	 	 	 	 	 	 
416	 	 	 	204.29164	133.82161	 	 	 	 	 	 	 
417	 	 	 	204.24893	135.36276	 	 	 	 	 	 	 
418	 	 	 	203.7939	137.86107	 	 	 	 	 	 	 
419	 	 	 	200.49846	144.31497	 	 	 	 	 	 	 
420	 	 	 	198.49318	151.7422	 	 	 	 	 	 	 
421	 	 	 	196.93251	159.06868	 	 	 	 	 	 	 
422	 	 	 	192.69511	168.6546	 	 	 	 	 	 	 
423	 	 	 	188.20613	178.35939	 	 	 	 	 	 	 
424	 	 	 	185.4082	187.726	 	 	 	 	 	 	 
425	 	 	 	183.62901	196.98259	 	 	 	 	 	 	 
426	 	 	 	181.89525	206.3388	 	 	 	 	 	 	 
427	 	 	 	179.21428	216.07114	 	 	 	 	 	 	 
428	 	 	 	174.08136	227.53694	 	 	 	 	 	 	 
429	 	 	 	168.22118	240.36609	 	 	 	 	 	 	 
430	 	 	 	164.65637	252.58815	 	 	 	 	 	 	 
431	 	 	 	160.25473	266.36954	 	 	 	 	 	 	 
432	 	 	 	152.79875	282.62695	 	 	 	 	 	 	 
433	 	 	 	146.8017	297.44327	 	 	 	 	 	 	 
434	 	 	 	140.36786	311.82776	 	 	 	 	 	 	 
435	 	 	 	134.99815	325.78616	 	 	 	 	 	 	 
436	 	 	 	129.75768	341.2119	 	 	 	 	 	 	 
437	 	 	 	124.129234	356.22552	 	 	 	 	 	 	 
438	 	 	 	117.55891	371.04596	 	 	 	 	 	 	 
439	 	 	 	112.09818	383.41748	 	 	 	 	 	 	 
440	 	 	 	108.36037	395.07022	 	 	 	 	 	 	 
441	 	 	 	105.30503	407.26688	 	 	 	 	 	 	 
442	 	 	 	99.73238	420.68753	 	 	 	 	 	 	 
443	 	 	 	95.49853	432.83923	 	 	 	 	 	 	 
444	 	 	 	90.56736	446.12286	 	 	 	 	 	 	 
445	 	 	 	87.50438	458.0659	 	 	 	 	 	 	 
446	 	 	 	85.451645	470.86835	 	 	 	 	 	 	 
447	 	 	 	81.35003	485.2198	 	 	 	 	 	 	 
448	 	 	 	76.79147	499.67236	 	 	 	 	 	 	 
449	 	 	 	71.46937	512.65704	 	 	 	 	 	 	 
450	 	 	 	67.71823	522.5602	 	 	 	 	 	 	 
451	 	 	 	64.98719	529.50885	 	 	 	 	 	 	 
452	 	 	 	63.19503	535.2093	 	 	 	 	 	 	 
453	 	 	 	61.00994	537.9765	 	 	 	 	 	 	 
454	 	 	 	57.665504	538.0711	 	 	 	 	 	 	 
455	 	 	 	51.189747	538.31506	 	 	 	 	 	 	 
456	 	 	 	46.479233	540.6035	 	 	 	 	 	 	 
457	 	 	 	44.363247	542.8675	 	 	 	 	 	 	 
458	 	 	 	42.342506	545.2856	 	 	 	 	 	 	 
459	 	 	 	40.891167	547.507	 	 	 	 	 	 	 
460	 	 	 	39.649445	549.85455	 	 	 	 	 	 	 
461	 	 	 	38.93656	552.7448	 	 	 	 	 	 	 
462	 	 	 	38.078896	554.62103	 	 	 	 	 	 	 
463	 	 	 	37.713394	554.98	 	 	 	 	 	 	 
464	 	 	 	37.389824	555.3459	 	 	 	 	 	 	 
465	 	 	 	35.89342	556.4513	 	 	 	 	 	 	 
466	 	 	 	35.647655	556.6054	 	 	 	 	 	 	 
467	 	 	 	35.508286	556.3482	 	 	 	 	 	 	 
468	 	 	 	35.346104	556.9234	 	 	 	 	 	 	 
469	 	 	 	35.60986	556.92456	 	 	 	 	 	 	 
470	 	 	 	35.48899	557.3923	 	 	 	 	 	 	 
471	 	 	 	33.811127	558.7602	 	 	 	 	 	 	 
472	 	 	 	33.14845	559.8854	 	 	 	 	 	 	 
473	 	 	 	33.442337	560.9484	 	 	 	 	 	 	 
474	 	 	 	34.354977	561.63135	 	 	 	 	 	 	 
475	 	 	 	35.872467	560.3325	 	 	 	 	 	 	 
476	 	 	 	36.420654	559.13947	 	 	 	 	 	 	 
477	 	 	 	37.45327	556.77106	 	 	 	 	 	 	 
478	 	 	 	36.50044	555.8831	 	 	 	 	 	 	 
479	 	 	 	35.816936	555.65326	 	 	 	 	 	 	 
480	 	 	 	34.067783	556.18787	 	 	 	 	 	 	 
481	 	 	 	32.323185	557.077	 	 	 	 	 	 	 
482	 	 	 	31.279148	556.97424	 	 	 	 	 	 	 
483	 	 	 	29.868578	557.1786	 	 	 	 	 	 	 
484	 	 	 	29.196041	556.91956	 	 	 	 	 	 	 
485	 	 	 	29.032658	556.08276	 	 	 	 	 	 	 
486	 	 	 	29.191177	554.7647	 	 	 	 	 	 	 
487	 	 	 	30.006403	553.9206	 	 	 	 	 	 	 
488	 	 	 	30.704948	552.5476	 	 	 	 	 	 	 
489	 	 	 	30.89754	552.0323	 	 	 	 	 	 	 
490	 	 	 	31.505354	551.5821	 	 	 	 	 	 	 
491	 	 	 	31.352894	550.7266	 	 	 	 	 	 	 
492	 	 	 	31.263336	549.2832	 	 	 	 	 	 	 
493	 	 	 	31.846813	547.89734	 	 	 	 	 	 	 
494	 	 	 	33.438828	547.6113	 	 	 	 	 	 	 
495	 	 	 	35.467438	548.83057	 	 	 	 	 	 	 
496	 	 	 	37.369728	550.69104	 	 	 	 	 	 	 
497	 	 	 	39.3436	551.2972	 	 	 	 	 	 	 
498	 	 	 	40.72601	549.3211	 	 	 	 	 	 	 
499	 	 	 	41.016144	548.85925	 	 	 	 	 	 	 
500	 	 	 	41.147747	549.0113	 	 	 	 	 	 	 
501	 	 	 	41.01256	549.513	 	 	 	 	 	 	 
502	 	 	 	41.002495	549.75665	 	 	 	 	 	 	 
503	 	 	 	41.067127	549.8254	 	 	 	 	 	 	 
504	 	 	 	40.690594	550.7202	 	 	 	 	 	 	 
505	 	 	 	40.802956	552.901	 	 	 	 	 	 	 
506	 	 	 	40.462074	554.7838	 	 	 	 	 	 	 
507	 	 	 	40.85862	555.89276	 	 	 	 	 	 	 
508	 	 	 	40.7368	556.0232	 	 	 	 	 	 	 
509	 	 	 	40.58916	556.53577	 	 	 	 	 	 	 
510	 	 	 	39.348972	557.3879	 	 	 	 	 	 	 
511	 	 	 	38.032215	558.53784	 	 	 	 	 	 	 
512	 	 	 	36.41227	560.11865	 	 	 	 	 	 	 
513	 	 	 	36.084938	560.69965	 	 	 	 	 	 	 
514	 	 	 	36.334206	560.67975	 	 	 	 	 	 	 
515	 	 	 	36.944286	560.6944	 	 	 	 	 	 	 
516	 	 	 	37.19068	560.5869	 	 	 	 	 	 	 
517	 	 	 	36.901806	561.427	 	 	 	 	 	 	 
518	 	 	 	37.646862	562.8441	 	 	 	 	 	 	 
519	 	 	 	39.064186	562.93256	 	 	 	 	 	 	 
520	 	 	 	42.273163	561.9287	 	 	 	 	 	 	 
521	 	 	 	44.10334	561.5672	 	 	 	 	 	 	 
522	 	 	 	44.901722	560.9186	 	 	 	 	 	 	 
523	 	 	 	44.851456	558.6164	 	 	 	 	 	 	 
524	 	 	 	44.393143	555.6963	 	 	 	 	 	 	 
525	 	 	 	42.376373	552.02124	 	 	 	 	 	 	 
526	 	 	 	40.639393	548.49274	 	 	 	 	 	 	 
527	 	 	 	37.926235	544.0337	 	 	 	 	 	 	 
528	 	 	 	36.10204	539.8069	 	 	 	 	 	 	 
529	 	 	 	36.35825	535.7922	 	 	 	 	 	 	 
530	 	 	 	36.932587	530.8316	 	 	 	 	 	 	 
531	 	 	 	35.75123	523.3232	 	 	 	 	 	 	 
532	 	 	 	34.479984	515.8548	 	 	 	 	 	 	 
533	 	 	 	32.479744	506.89307	 	 	 	 	 	 	 
534	 	 	 	31.955263	495.55548	 	 	 	 	 	 	 
535	 	 	 	32.322094	486.76978	 	 	 	 	 	 	 
536	 	 	 	32.95746	479.4693	 	 	 	 	 	 	 
537	 	 	 	37.18421	471.62762	 	 	 	 	 	 	 
538	 	 	 	40.079952	461.63757	 	 	 	 	 	 	 
539	 	 	 	41.127327	450.6547	 	 	 	 	 	 	 
540	 	 	 	41.602947	439.3064	 	 	 	 	 	 	 
541	 	 	 	42.871284	425.80005	 	 	 	 	 	 	 
542	 	 	 	43.757946	411.39056	 	 	 	 	 	 	 
543	 	 	 	47.681446	398.36493	 	 	 	 	 	 	 
544	 	 	 	50.583588	387.42462	 	 	 	 	 	 	 
545	 	 	 	54.349594	380.37436	 	 	 	 	 	 	 
546	 	 	 	57.58769	373.963	 	 	 	 	 	 	 
547	 	 	 	60.071835	368.59387	 	 	 	 	 	 	 
548	 	 	 	62.558514	364.21432	 	 	 	 	 	 	 
549	 	 	 	64.19642	361.94162	 	 	 	 	 	 	 
550	 	 	 	66.41282	359.81955	 	 	 	 	 	 	 
551	 	 	 	69.481415	359.58005	 	 	 	 	 	 	 
552	 	 	 	72.96342	360.70084	 	 	 	 	 	 	 
553	 	 	 	77.83756	361.71722	 	 	 	 	 	 	 
554	 	 	 	82.366234	362.29004	 	 	 	 	 	 	 
555	 	 	 	88.298805	361.8486	 	 	 	 	 	 	 
556	 	 	 	97.99905	359.2745	 	 	 	 	 	 	 
557	 	 	 	111.79631	355.38397	 	 	 	 	 	 	 
558	 	 	 	125.50962	351.88382	 	 	 	 	 	 	 
559	 	 	 	138.12708	348.9165	 	 	 	 	 	 	 
560	 	 	 	147.99263	344.90295	 	 	 	 	 	 	 
561	 	 	 	157.73418	340.94193	 	 	 	 	 	 	 
562	 	 	 	166.65427	333.46036	 	 	 	 	 	 	 
563	 	 	 	176.29259	324.98526	 	 	 	 	 	 	 
564	 	 	 	187.21724	315.22693	 	 	 	 	 	 	 
565	 	 	 	193.37679	306.17343	 	 	 	 	 	 	 
566	 	 	 	198.87482	296.3957	 	 	 	 	 	 	 
567	 	 	 	204.37286	287.46002	 	 	 	 	 	 	 
568	 	 	 	210.67906	278.12683	 	 	 	 	 	 	 
569	 	 	 	215.12311	267.99557	 	 	 	 	 	 	 
570	 	 	 	220.52658	255.6912	 	 	 	 	 	 	 
571	 	 	 	226.71046	243.24673	 	 	 	 	 	 	 
572	 	 	 	232.0571	231.61853	 	 	 	 	 	 	 
573	 	 	 	237.46883	217.7822	 	 	 	 	 	 	 
574	 	 	 	239.69785	206.06223	 	 	 	 	 	 	 
575	 	 	 	240.59363	194.99701	 	 	 	 	 	 	 
576	 	 	 	242.3092	184.19493	 	 	 	 	 	 	 
577	 	 	 	245.87312	174.96896	 	 	 	 	 	 	 
578	 	 	 	246.92805	164.61314	 	 	 	 	 	 	 
579	 	 	 	245.93446	153.59032	 	 	 	 	 	 	 
580	 	 	 	245.30357	142.73534	 	 	 	 	 	 	 
581	 	 	 	243.16258	133.85098	 	 	 	 	 	 	 
582	 	 	 	244.23988	124.60708	 	 	 	 	 	 	 
583	 	 	 	243.62474	114.94636	 	 	 	 	 	 	 
584	 	 	 	241.67747	106.062645	 	 	 	 	 	 	 
585	 	 	 	234.26198	95.6045	 	 	 	 	 	 	 
586	 	 	 	231.59059	90.042564	 	 	 	 	 	 	 
587	 	 	 	228.54817	82.47455	 	 	 	 	 	 	 
588	 	 	 	225.39261	76.04538	 	 	 	 	 	 	 
589	 	 	 	220.66763	67.73686	 	 	 	 	 	 	 
590	 	 	 	217.20407	60.005714	 	 	 	 	 	 	 
591	 	 	 	212.52162	54.60147	 	 	 	 	 	 	 
592	 	 	 	208.79193	52.27599	 	 	 	 	 	 	 
593	 	 	 	205.12662	48.322296	 	 	 	 	 	 	 
594	 	 	 	204.07463	44.98562	 	 	 	 	 	 	 
595	 	 	 	203.54573	40.364956	 	 	 	 	 	 	 
596	 	 	 	202.74812	38.012287	 	 	 	 	 	 	 
597	 	 	 	200.37408	36.385975	 	 	 	 	 	 	 
598	 	 	 	198.27913	34.071476	 	 	 	 	 	 	 
599	 	 	 	197.94409	33.492546	 	 	 	 	 	 	 
600	 	 	 	196.61995	32.11604	 	 	 	 	 	 	 
601	 	 	 	195.60725	29.841116	 	 	 	 	 	 	 
602	 	 	 	193.44234	29.198128	 	 	 	 	 	 	 
603	 	 	 	189.89735	28.833448	 	 	 	 	 	 	 
604	 	 	 	189.20845	28.508167	 	 	 	 	 	 	 
605	 	 	 	188.58995	28.208742	 	 	 	 	 	 	 
606	 	 	 	186.57716	26.768526	 	 	 	 	 	 	 
607	 	 	 	179.54247	20.680403	 	 	 	 	 	 	 
608	 	 	 	168.02582	13.238035	 	 	 	 	 	 	 
609	 	 	 	155.68123	8.67601	 	 	 	 	 	 	 
610	 	 	 	137.93234	9.197716	 	 	 	 	 	 	 
611	 	 	 	 	 	 	 	 	 	 	 	 
612	 	 	 	 	 	 	79.1749	18.24074	 	 	 	 
613	 	 	 	 	 	 	72.44925	29.396692	 	 	 	 
614	 	 	 	 	 	 	60.733112	37.001225	 	 	 	 
615	 	 	 	 	 	 	62.03536	40.16642	 	 	 	 
616	 	 	 	 	 	 	60.862923	39.33551	 	 	 	 
617	 	 	 	 	 	 	59.306087	37.881298	 	 	 	 
618	 	 	 	 	 	 	59.391247	37.334858	 	 	 	 
619	 	 	 	 	 	 	59.44416	37.232483	 	 	 	 
620	 	 	 	 	 	 	59.646927	37.639896	 	 	 	 
621	 	 	 	 	 	 	63.104332	40.13483	 	 	 	 
622	 	 	 	 	 	 	63.841072	41.542034	 	 	 	 
623	 	 	 	 	 	 	65.08736	42.473026	 	 	 	 
624	 	 	 	 	 	 	64.97544	42.692833	 	 	 	 
625	 	 	 	 	 	 	65.1249	42.63811	 	 	 	 
626	 	 	 	 	 	 	64.42088	42.876305	 	 	 	 
627	 	 	 	 	 	 	64.19824	42.870106	 	 	 	 
628	 	 	 	 	 	 	63.587242	42.554573	 	 	 	 
629	 	 	 	 	 	 	63.15462	41.280178	 	 	 	 
630	 	 	 	 	 	 	62.400524	40.007507	 	 	 	 
631	 	 	 	 	 	 	58.9711	37.03419	 	 	 	 
632	 	 	 	 	 	 	58.51935	34.29915	 	 	 	 
633	 	 	 	 	 	 	59.113148	32.8051	 	 	 	 
634	 	 	 	 	 	 	57.50688	32.491497	 	 	 	 
635	 	 	 	 	 	 	58.690987	33.324463	 	 	 	 
636	 	 	 	 	 	 	53.691578	31.709734	 	 	 	 
637	 	 	 	 	 	 	52.41858	31.480886	 	 	 	 
638	 	 	 	 	 	 	50.87451	30.543259	 	 	 	 
639	 	 	 	 	 	 	48.691643	29.859907	 	 	 	 
640	 	 	 	 	 	 	48.761368	29.819832	 	 	 	 
641	 	 	 	 	 	 	45.863453	27.878103	 	 	 	 
642	 	 	 	 	 	 	35.295666	21.513622	 	 	 	 
643	 	 	 	 	 	 	25.301964	13.130115	 	 	 	 
644	 	 	 	 	 	 	 	 	 	 	 	 
645	 	 	 	 	 	 	 	 	 	 	 	 
646	 	 	 	 	 	 	 	 	 	18.673729	12.682203	 
647	 	 	 	 	 	 	 	 	 	19.675396	18.738733	 
648	 	 	 	 	 	 	 	 	 	23.470308	29.97227	 
649	 	 	 	 	 	 	 	 	 	23.750732	32.962852	 
650	 	 	 	 	 	 	 	 	 	23.511272	33.871067	 
651	 	 	 	 	 	 	 	 	 	23.42269	34.865967	 
652	 	 	 	 	 	 	 	 	 	24.124552	34.812725	 
653	 	 	 	 	 	 	 	 	 	24.864777	35.041325	 
654	 	 	 	 	 	 	 	 	 	26.046968	36.13139	 
655	 	 	 	 	 	 	 	 	 	26.512669	35.87121	 
656	 	 	 	 	 	 	 	 	 	26.962278	36.196377	 
657	 	 	 	 	 	 	 	 	 	26.820044	36.41039	 
658	 	 	 	 	 	 	 	 	 	26.7598	36.117603	 
659	 	 	 	 	 	 	 	 	 	27.231571	36.799374	 
660	 	 	 	 	 	 	 	 	 	27.26379	36.431046	 
661	 	 	 	 	 	 	 	 	 	27.261324	36.51394	 
662	 	 	 	 	 	 	 	 	 	26.49403	37.862007	 
663	 	 	 	 	 	 	 	 	 	25.81235	39.35922	 
664	 	 	 	 	 	 	 	 	 	26.099245	39.80529	 
665	 	 	 	 	 	 	 	 	 	27.083275	40.293728	 
666	 	 	 	 	 	 	 	 	 	27.603647	39.2602	 
667	 	 	 	 	 	 	 	 	 	27.354862	38.67743	 
668	 	 	 	 	 	 	 	 	 	27.087069	38.576416	 
669	 	 	 	 	 	 	 	 	 	25.706556	38.025673	 
670	 	 	 	 	 	 	 	 	 	25.489985	39.1879	 
671	 	 	 	 	 	 	 	 	 	24.88937	37.55445	 
672	 	 	 	 	 	 	 	 	 	23.995226	36.11164	 
673	 	 	 	 	 	 	 	 	 	23.996084	35.983646	 
674	 	 	 	 	 	 	 	 	 	23.066338	34.832863	 
675	 	 	 	 	 	 	 	 	 	21.769424	32.271946	 
676	 	 	 	 	 	 	 	 	 	21.207436	31.315193	 
677	 	 	 	 	 	 	 	 	 	20.686598	30.126806	 
678	 	 	 	 	 	 	 	 	 	19.900633	28.541773	 
679	 	 	 	 	 	 	 	 	 	18.892422	27.188091	 
680	 	 	 	 	 	 	 	 	 	18.707872	26.825968	 
681	 	 	 	 	 	 	 	 	 	17.683332	25.376812	 
682	 	 	 	 	 	 	 	 	 	17.227617	24.856602	 
683	 	 	 	 	 	 	 	 	 	16.624012	24.588469	 
684	 	 	 	 	 	 	 	 	 	16.7064	23.4584	 
685	 	 	 	 	 	 	 	 	 	16.468395	23.299028	 
686	 	 	 	 	 	 	 	 	 	16.582006	23.921179	 
687	 	 	 	 	 	 	 	 	 	17.473505	25.425814	 
688	 	 	 	 	 	 	 	 	 	18.59169	27.042263	 
689	 	 	 	 	 	 	 	 	 	20.7124	30.430632	 
690	 	 	 	 	 	 	 	 	 	24.773294	35.81286	 
691	 	 	 	 	 	 	 	 	 	26.193262	39.653812	 
692	 	 	 	 	 	 	 	 	 	28.855692	41.67839	 
693	 	 	 	 	 	 	 	 	 	32.998966	44.142906	 
694	 	 	 	 	 	 	 	 	 	37.472008	46.29111	 
695	 	 	 	 	 	 	 	 	 	39.926487	46.453667	 
696	 	 	 	 	 	 	 	 	 	40.64401	46.396297	 
697	 	 	 	 	 	 	 	 	 	40.38684	46.046997	 
698	 	 	 	 	 	 	 	 	 	40.301865	46.521267	 
699	 	 	 	 	 	 	 	 	 	40.216297	45.851112	 
700	 	 	 	 	 	 	 	 	 	40.613285	46.013283	 
701	 	 	 	 	 	 	 	 	 	41.905415	47.566227	 
702	 	 	 	 	 	 	 	 	 	41.147903	49.48712	 
703	 	 	 	 	 	 	 	 	 	40.1053	52.19499	 
704	 	 	 	 	 	 	 	 	 	39.821743	54.436073	 
705	 	 	 	 	 	 	 	 	 	39.98667	53.16967	 
706	 	 	 	 	 	 	 	 	 	39.858437	52.889698	 
707	 	 	 	 	 	 	 	 	 	39.770706	53.149338	 
708	 	 	 	 	 	 	 	 	 	39.829735	54.617977	 
709	 	 	 	 	 	 	 	 	 	39.835445	55.86936	 
710	 	 	 	 	 	 	 	 	 	39.543415	56.516556	 
711	 	 	 	 	 	 	 	 	 	38.80225	56.20029	 
712	 	 	 	 	 	 	 	 	 	38.800613	55.402203	 
713	 	 	 	 	 	 	 	 	 	38.044113	55.6229	 
714	 	 	 	 	 	 	 	 	 	37.02865	54.45225	 
715	 	 	 	 	 	 	 	 	 	36.845013	55.09838	 
716	 	 	 	 	 	 	 	 	 	36.736805	55.04455	 
717	 	 	 	 	 	 	 	 	 	37.0435	55.174854	 
718	 	 	 	 	 	 	 	 	 	37.715885	54.162594	 
719	 	 	 	 	 	 	 	 	 	38.421345	53.08714	 
720	 	 	 	 	 	 	 	 	 	38.902843	52.033463	 
721	 	 	 	 	 	 	 	 	 	39.233856	52.00508	 
722	 	 	 	 	 	 	 	 	 	38.92372	51.30477	 
723	 	 	 	 	 	 	 	 	 	38.911484	51.858852	 
724	 	 	 	 	 	 	 	 	 	39.72571	54.076332	 
725	 	 	 	 	 	 	 	 	 	41.090603	56.659584	 
726	 	 	 	 	 	 	 	 	 	42.70893	57.233536	 
727	 	 	 	 	 	 	 	 	 	44.443203	57.461	 
728	 	 	 	 	 	 	 	 	 	46.285492	56.95966	 
729	 	 	 	 	 	 	 	 	 	49.140015	56.364426	 
730	 	 	 	 	 	 	 	 	 	51.83268	55.36912	 
731	 	 	 	 	 	 	 	 	 	56.598343	53.298183	 
732	 	 	 	 	 	 	 	 	 	60.997627	51.001976	 
733	 	 	 	 	 	 	 	 	 	68.043495	47.556034	 
734	 	 	 	 	 	 	 	 	 	79.20544	43.62108	 
735	 	 	 	 	 	 	 	 	 	93.70068	40.64052	 
736	 	 	 	 	 	 	 	 	 	110.108536	40.224552	 
737	 	 	 	 	 	 	 	 	 	126.89274	40.044018	 
738	 	 	 	 	 	 	 	 	 	141.97523	39.94369	 
739	 	 	 	 	 	 	 	 	 	159.45824	38.744236	 
740	 	 	 	 	 	 	 	 	 	173.3027	36.348404	 
741	 	 	 	 	 	 	 	 	 	189.27544	34.40395	 
742	 	 	 	 	 	 	 	 	 	205.05605	34.710938	 
743	 	 	 	 	 	 	 	 	 	219.37512	37.919395	 
744	 	 	 	 	 	 	 	 	 	235.51793	40.826252	 
745	 	 	 	 	 	 	 	 	 	250.95375	42.822205	 
746	 	 	 	 	 	 	 	 	 	266.90527	44.9238	 
747	 	 	 	 	 	 	 	 	 	282.6384	45.802654	 
748	 	 	 	 	 	 	 	 	 	299.508	47.852413	 
749	 	 	 	 	 	 	 	 	 	319.14413	49.13281	 
750	 	 	 	 	 	 	 	 	 	337.05554	50.271698	 
751	 	 	 	 	 	 	 	 	 	353.91882	52.10531	 
752	 	 	 	 	 	 	 	 	 	369.1648	53.805984	 
753	 	 	 	 	 	 	 	 	 	386.1013	56.5065	 
754	 	 	 	 	 	 	 	 	 	402.6491	57.14892	 
755	 	 	 	 	 	 	 	 	 	419.35498	56.376133	 
756	 	 	 	 	 	 	 	 	 	435.0933	54.434036	 
757	 	 	 	 	 	 	 	 	 	448.6295	52.187737	 
758	 	 	 	 	 	 	 	 	 	464.0017	50.106506	 
759	 	 	 	 	 	 	 	 	 	479.67346	47.16308	 
760	 	 	 	 	 	 	 	 	 	494.56763	44.259117	 
761	 	 	 	 	 	 	 	 	 	508.02997	41.98761	 
762	 	 	 	 	 	 	 	 	 	520.7556	40.805958	 
763	 	 	 	 	 	 	 	 	 	532.72345	40.97885	 
764	 	 	 	 	 	 	 	 	 	540.23254	40.999794	 
765	 	 	 	 	 	 	 	 	 	549.2001	40.306705	 
766	 	 	 	 	 	 	 	 	 	550.55054	38.8683	 
767	 	 	 	 	 	 	 	 	 	552.561	37.32471	 
768	 	 	 	 	 	 	 	 	 	553.9011	36.78204	 
769	 	 	 	 	 	 	 	 	 	555.81104	37.672966	 
770	 	 	 	 	 	 	 	 	 	555.52466	40.64124	 
771	 	 	 	 	 	 	 	 	 	555.41986	42.792538	 
772	 	 	 	 	 	 	 	 	 	555.474	44.472824	 
773	 	 	 	 	 	 	 	 	 	553.7937	45.47905	 
774	 	 	 	 	 	 	 	 	 	550.00916	45.744804	 
775	 	 	 	 	 	 	 	 	 	543.94824	45.51607	 
776	 	 	 	 	 	 	 	 	 	543.1534	46.54814	 
777	 	 	 	 	 	 	 	 	 	543.26105	47.650043	 
778	 	 	 	 	 	 	 	 	 	544.39844	49.43105	 
779	 	 	 	 	 	 	 	 	 	546.46326	52.330845	 
780	 	 	 	 	 	 	 	 	 	549.3385	57.13779	 
781	 	 	 	 	 	 	 	 	 	552.1116	61.977757	 
782	 	 	 	 	 	 	 	 	 	554.1198	67.4169	 
783	 	 	 	 	 	 	 	 	 	556.5207	74.49288	 
784	 	 	 	 	 	 	 	 	 	558.55896	83.99167	 
785	 	 	 	 	 	 	 	 	 	560.6952	97.21997	 
786	 	 	 	 	 	 	 	 	 	563.05115	111.38488	 
787	 	 	 	 	 	 	 	 	 	562.9443	127.50913	 
788	 	 	 	 	 	 	 	 	 	563.854	142.82115	 
789	 	 	 	 	 	 	 	 	 	563.912	158.38718	 
790	 	 	 	 	 	 	 	 	 	562.5984	172.83792	 
791	 	 	 	 	 	 	 	 	 	560.06696	185.35262	 
792	 	 	 	 	 	 	 	 	 	554.2702	196.66075	 
793	 	 	 	 	 	 	 	 	 	549.9516	208.41812	 
794	 	 	 	 	 	 	 	 	 	544.2068	220.52371	 
795	 	 	 	 	 	 	 	 	 	537.65063	236.08958	 
796	 	 	 	 	 	 	 	 	 	532.04736	251.25276	 
797	 	 	 	 	 	 	 	 	 	524.204	267.32047	 
798	 	 	 	 	 	 	 	 	 	518.8979	283.36362	 
799	 	 	 	 	 	 	 	 	 	512.66034	300.06232	 
800	 	 	 	 	 	 	 	 	 	506.8344	316.23325	 
801	 	 	 	 	 	 	 	 	 	499.52133	332.8231	 
802	 	 	 	 	 	 	 	 	 	494.619	350.59692	 
803	 	 	 	 	 	 	 	 	 	490.4898	368.20877	 
804	 	 	 	 	 	 	 	 	 	486.0155	386.86206	 
805	 	 	 	 	 	 	 	 	 	484.5125	402.6638	 
806	 	 	 	 	 	 	 	 	 	481.41235	419.30478	 
807	 	 	 	 	 	 	 	 	 	480.85226	432.5483	 
808	 	 	 	 	 	 	 	 	 	480.65567	447.37744	 
809	 	 	 	 	 	 	 	 	 	480.8303	461.27744	 
810	 	 	 	 	 	 	 	 	 	482.89932	473.50577	 
811	 	 	 	 	 	 	 	 	 	484.08505	485.0895	 
812	 	 	 	 	 	 	 	 	 	486.73666	495.2	 
813	 	 	 	 	 	 	 	 	 	490.64658	505.29947	 
814	 	 	 	 	 	 	 	 	 	496.01172	514.88965	 
815	 	 	 	 	 	 	 	 	 	501.1488	523.7826	 
816	 	 	 	 	 	 	 	 	 	505.63397	531.4516	 
817	 	 	 	 	 	 	 	 	 	509.84302	537.2437	 
818	 	 	 	 	 	 	 	 	 	515.46497	540.8133	 
819	 	 	 	 	 	 	 	 	 	521.7198	541.99164	 
820	 	 	 	 	 	 	 	 	 	529.94366	542.00397	 
821	 	 	 	 	 	 	 	 	 	538.08295	544.2085	 
822	 	 	 	 	 	 	 	 	 	543.796	545.84467	 
823	 	 	 	 	 	 	 	 	 	549.38495	548.1015	 
824	 	 	 	 	 	 	 	 	 	550.4243	549.6159	 
825	 	 	 	 	 	 	 	 	 	552.21735	551.0598	 
826	 	 	 	 	 	 	 	 	 	553.3788	552.29083	 
827	 	 	 	 	 	 	 	 	 	555.681	554.7601	 
828	 	 	 	 	 	 	 	 	 	557.80743	556.40894	 
829	 	 	 	 	 	 	 	 	 	558.5989	556.4944	 
830	 	 	 	 	 	 	 	 	 	559.4444	556.3618	 
831	 	 	 	 	 	 	 	 	 	559.96783	555.8901	 
832	 	 	 	 	 	 	 	 	 	560.2343	556.31256	 
833	 	 	 	 	 	 	 	 	 	559.4715	556.0187	 
834	 	 	 	 	 	 	 	 	 	555.30164	551.82227	 
835	 	 	 	 	 	 	 	 	 	554.6257	551.12756	 
836	 	 	 	 	 	 	 	 	 	554.6012	550.83826	 
837	 	 	 	 	 	 	 	 	 	558.43536	552.91907	 
838	 	 	 	 	 	 	 	 	 	561.62244	555.28485	 
839	 	 	 	 	 	 	 	 	 	563.33777	555.8515	 
840	 	 	 	 	 	 	 	 	 	565.3243	556.70624	 
841	 	 	 	 	 	 	 	 	 	566.9273	558.22186	 
842	 	 	 	 	 	 	 	 	 	568.2364	560.71674	 
843	 	 	 	 	 	 	 	 	 	569.69806	561.25507	 
844	 	 	 	 	 	 	 	 	 	571.1924	560.6155	 
845	 	 	 	 	 	 	 	 	 	573.2307	562.06903	 
846	 	 	 	 	 	 	 	 	 	574.67615	564.07135	 
847	 	 	 	 	 	 	 	 	 	576.49945	565.0321	 
848	 	 	 	 	 	 	 	 	 	577.7426	566.0355	 
849	 	 	 	 	 	 	 	 	 	578.20667	566.77344	 
850	 	 	 	 	 	 	 	 	 	578.5275	566.9784	 
851	 	 	 	 	 	 	 	 	 	578.3308	567.35376	 
852	 	 	 	 	 	 	 	 	 	579.123	567.9637	 
853	 	 	 	 	 	 	 	 	 	580.53973	568.3546	 
854	 	 	 	 	 	 	 	 	 	581.0586	568.4056	 
855	 	 	 	 	 	 	 	 	 	581.2377	568.50446	 
856	 	 	 	 	 	 	 	 	 	581.13544	568.42694	 
857	 	 	 	 	 	 	 	 	 	580.7326	568.93317	 
858	 	 	 	 	 	 	 	 	 	581.3118	569.6796	 
859	 	 	 	 	 	 	 	 	 	581.8055	568.49554	 
860	 	 	 	 	 	 	 	 	 	580.0644	569.134	 
861	 	 	 	 	 	 	 	 	 	577.9281	567.15564	 
862	 	 	 	 	 	 	 	 	 	577.0478	568.7185	 
863	 	 	 	 	 	 	 	 	 	577.8423	568.918	 
864	 	 	 	 	 	 	 	 	 	577.97217	569.0646	 
865	 	 	 	 	 	 	 	 	 	576.38446	568.4055	 
866	 	 	 	 	 	 	 	 	 	575.5722	568.73157	 
867	 	 	 	 	 	 	 	 	 	575.72766	568.4279	 
868	 	 	 	 	 	 	 	 	 	576.01587	567.03925	 
869	 	 	 	 	 	 	 	 	 	576.64294	564.9928	 
870	 	 	 	 	 	 	 	 	 	577.6586	562.46436	 
871	 	 	 	 	 	 	 	 	 	578.7424	560.30536	 
872	 	 	 	 	 	 	 	 	 	579.5153	555.5612	 
873	 	 	 	 	 	 	 	 	 	579.2641	551.83466	 
874	 	 	 	 	 	 	 	 	 	577.1586	549.15497	 
875	 	 	 	 	 	 	 	 	 	572.41174	543.8517	 
876	 	 	 	 	 	 	 	 	 	570.336	542.88635	 
877	 	 	 	 	 	 	 	 	 	569.31903	542.2337	 
878	 	 	 	 	 	 	 	 	 	568.91675	541.122	 
879	 	 	 	 	 	 	 	 	 	569.10675	540.0811	 
880	 	 	 	 	 	 	 	 	 	570.1089	538.10376	 
881	 	 	 	 	 	 	 	 	 	570.25726	535.4578	 
882	 	 	 	 	 	 	 	 	 	571.15137	531.79584	 
883	 	 	 	 	 	 	 	 	 	572.7444	526.3453	 
884	 	 	 	 	 	 	 	 	 	573.5939	519.43823	 
885	 	 	 	 	 	 	 	 	 	575.09357	512.186	 
886	 	 	 	 	 	 	 	 	 	575.97986	505.08438	 
887	 	 	 	 	 	 	 	 	 	576.81384	495.45663	 
888	 	 	 	 	 	 	 	 	 	576.63855	485.25464	 
889	 	 	 	 	 	 	 	 	 	575.57587	474.11807	 
890	 	 	 	 	 	 	 	 	 	574.98663	463.27512	 
891	 	 	 	 	 	 	 	 	 	575.4467	453.3474	 
892	 	 	 	 	 	 	 	 	 	575.4878	443.5195	 
893	 	 	 	 	 	 	 	 	 	574.8281	432.39038	 
894	 	 	 	 	 	 	 	 	 	574.121	420.17517	 
895	 	 	 	 	 	 	 	 	 	571.0028	408.52206	 
896	 	 	 	 	 	 	 	 	 	566.6789	394.87497	 
897	 	 	 	 	 	 	 	 	 	559.8554	382.02502	 
898	 	 	 	 	 	 	 	 	 	554.8413	370.61832	 
899	 	 	 	 	 	 	 	 	 	548.8304	360.80325	 
900	 	 	 	 	 	 	 	 	 	541.0634	353.12115	 
901	 	 	 	 	 	 	 	 	 	532.9097	345.82382	 
902	 	 	 	 	 	 	 	 	 	524.2284	338.82593	 
903	 	 	 	 	 	 	 	 	 	513.8117	330.91837	 
904	 	 	 	 	 	 	 	 	 	501.0639	323.2229	 
905	 	 	 	 	 	 	 	 	 	486.828	316.52338	 
906	 	 	 	 	 	 	 	 	 	472.9195	310.72446	 
907	 	 	 	 	 	 	 	 	 	459.03204	304.8101	 
908	 	 	 	 	 	 	 	 	 	440.4014	297.9567	 
909	 	 	 	 	 	 	 	 	 	423.86438	292.491	 
910	 	 	 	 	 	 	 	 	 	405.17435	286.89227	 
911	 	 	 	 	 	 	 	 	 	388.52805	279.68497	 
912	 	 	 	 	 	 	 	 	 	370.51367	270.2212	 
913	 	 	 	 	 	 	 	 	 	353.30588	261.7295	 
914	 	 	 	 	 	 	 	 	 	337.9898	253.92516	 
915	 	 	 	 	 	 	 	 	 	322.56836	246.79065	 
916	 	 	 	 	 	 	 	 	 	310.6276	240.02217	 
917	 	 	 	 	 	 	 	 	 	297.9608	231.9601	 
918	 	 	 	 	 	 	 	 	 	285.81195	225.54407	 
919	 	 	 	 	 	 	 	 	 	274.31845	219.9504	 
920	 	 	 	 	 	 	 	 	 	262.39084	214.12363	 
921	 	 	 	 	 	 	 	 	 	249.86667	207.10849	 
922	 	 	 	 	 	 	 	 	 	237.59865	199.16557	 
923	 	 	 	 	 	 	 	 	 	225.28046	193.8305	 
924	 	 	 	 	 	 	 	 	 	215.66486	192.44798	 
925	 	 	 	 	 	 	 	 	 	207.74591	193.50522	 
926	 	 	 	 	 	 	 	 	 	200.91869	194.71768	 
927	 	 	 	 	 	 	 	 	 	194.67331	197.93346	 
928	 	 	 	 	 	 	 	 	 	187.67358	201.38658	 
929	 	 	 	 	 	 	 	 	 	179.97177	205.55136	 
930	 	 	 	 	 	 	 	 	 	172.98195	210.11852	 
931	 	 	 	 	 	 	 	 	 	167.06409	215.21507	 
932	 	 	 	 	 	 	 	 	 	159.43019	219.29482	 
933	 	 	 	 	 	 	 	 	 	150.53654	222.51117	 
934	 	 	 	 	 	 	 	 	 	139.07997	226.74448	 
935	 	 	 	 	 	 	 	 	 	125.87612	231.8918	 
936	 	 	 	 	 	 	 	 	 	111.53461	239.09683	 
937	 	 	 	 	 	 	 	 	 	95.70767	249.5156	 
938	 	 	 	 	 	 	 	 	 	79.68949	260.8464	 
939	 	 	 	 	 	 	 	 	 	66.22777	270.32516	 
940	 	 	 	 	 	 	 	 	 	54.656734	280.0884	 
941	 	 	 	 	 	 	 	 	 	44.006012	291.19272	 
942	 	 	 	 	 	 	 	 	 	38.435745	303.05243	 
943	 	 	 	 	 	 	 	 	 	37.020752	312.55118	 
944	 	 	 	 	 	 	 	 	 	38.062992	321.08325	 
945	 	 	 	 	 	 	 	 	 	39.24316	329.24258	 
946	 	 	 	 	 	 	 	 	 	39.217037	338.0122	 
947	 	 	 	 	 	 	 	 	 	41.781223	347.757	 
948	 	 	 	 	 	 	 	 	 	44.19386	355.6958	 
949	 	 	 	 	 	 	 	 	 	44.540592	358.50473	 
950	 	 	 	 	 	 	 	 	 	44.584873	356.96973	 
951	 	 	 	 	 	 	 	 	 	44.648453	355.4638	 
952	 	 	 	 	 	 	 	 	 	43.715233	357.03033	 
953	 	 	 	 	 	 	 	 	 	42.127045	364.55667	 
954	 	 	 	 	 	 	 	 	 	39.93103	377.9152	 
955	 	 	 	 	 	 	 	 	 	38.065556	393.44708	 
956	 	 	 	 	 	 	 	 	 	34.74694	409.30994	 
957	 	 	 	 	 	 	 	 	 	34.20224	425.43384	 
958	 	 	 	 	 	 	 	 	 	36.77129	442.26746	 
959	 	 	 	 	 	 	 	 	 	34.06387	453.63004	 
960	 	 	 	 	 	 	 	 	 	33.766926	466.614	 
961	 	 	 	 	 	 	 	 	 	33.457977	480.21024	 
962	 	 	 	 	 	 	 	 	 	34.163918	495.0425	 
963	 	 	 	 	 	 	 	 	 	37.88816	509.4492	 
964	 	 	 	 	 	 	 	 	 	37.71669	521.14355	 
965	 	 	 	 	 	 	 	 	 	35.209232	529.48645	 
966	 	 	 	 	 	 	 	 	 	32.42585	538.031	 
967	 	 	 	 	 	 	 	 	 	32.40084	541.04956	 
968	 	 	 	 	 	 	 	 	 	34.07331	541.73175	 
969	 	 	 	 	 	 	 	 	 	36.87623	541.979	 
970	 	 	 	 	 	 	 	 	 	35.32292	540.66266	 
971	 	 	 	 	 	 	 	 	 	35.011864	539.621	 
972	 	 	 	 	 	 	 	 	 	36.91171	537.72406	 
973	 	 	 	 	 	 	 	 	 	40.80338	536.74634	 
974	 	 	 	 	 	 	 	 	 	42.215916	538.31085	 
975	 	 	 	 	 	 	 	 	 	43.524616	540.9466	 
976	 	 	 	 	 	 	 	 	 	44.917877	542.9987	 
977	 	 	 	 	 	 	 	 	 	45.340916	543.8255	 
978	 	 	 	 	 	 	 	 	 	45.739643	543.6492	 
979	 	 	 	 	 	 	 	 	 	45.247738	542.1463	 
980	 	 	 	 	 	 	 	 	 	44.29382	540.7228	 
981	 	 	 	 	 	 	 	 	 	42.489925	540.069	 
982	 	 	 	 	 	 	 	 	 	39.03724	541.1385	 
983	 	 	 	 	 	 	 	 	 	36.849396	544.42053	 
984	 	 	 	 	 	 	 	 	 	34.57149	548.91016	 
985	 	 	 	 	 	 	 	 	 	33.035374	550.83325	 
986	 	 	 	 	 	 	 	 	 	32.32437	551.22473	 
987	 	 	 	 	 	 	 	 	 	33.477577	552.0352	 
988	 	 	 	 	 	 	 	 	 	34.67152	552.68787	 
989	 	 	 	 	 	 	 	 	 	34.493877	553.63806	 
990	 	 	 	 	 	 	 	 	 	33.90551	555.4537	 
991	 	 	 	 	 	 	 	 	 	33.346706	555.64905	 
992	 	 	 	 	 	 	 	 	 	32.18853	555.1744	 
993	 	 	 	 	 	 	 	 	 	31.5522	555.5631	 
994	 	 	 	 	 	 	 	 	 	32.91234	556.175	 
995	 	 	 	 	 	 	 	 	 	34.810524	555.62103	 
996	 	 	 	 	 	 	 	 	 	36.818398	553.9599	 
997	 	 	 	 	 	 	 	 	 	36.8482	552.39136	 
998	 	 	 	 	 	 	 	 	 	36.5196	550.59576	 
999	 	 	 	 	 	 	 	 	 	36.505333	549.7129	 
1000	 	 	 	 	 	 	 	 	 	35.006767	549.5421	 

Track 	Length	Distance traveled	Nr of Frames
1	1288.9022	128.27464	271
2	1668.5419	294.9682	338
3	98.99318	54.1148	32
4	2416.9146	537.10834	355
