Frame	X1	Y1	Flag1	X2	Y2	Flag2	X3	Y3	Flag3
Tracks 1 to 3
1	31.589436	550.5136	 	 	 	 	 	 	 
2	30.374252	550.36444	 	 	 	 	 	 	 
3	29.485706	550.17694	 	 	 	 	 	 	 
4	27.985868	550.4736	 	 	 	 	 	 	 
5	26.115435	550.6269	 	 	 	 	 	 	 
6	25.524916	550.5855	 	 	 	 	 	 	 
7	26.364973	551.31683	 	 	 	 	 	 	 
8	27.005188	551.59924	 	 	 	 	 	 	 
9	27.811697	551.6189	 	 	 	 	 	 	 
10	28.37028	552.00244	 	 	 	 	 	 	 
11	29.154364	551.8357	 	 	 	 	 	 	 
12	29.334196	551.4782	 	 	 	 	 	 	 
13	29.784096	551.6812	 	 	 	 	 	 	 
14	31.14558	552.29333	 	 	 	 	 	 	 
15	31.579918	552.5914	 	 	 	 	 	 	 
16	31.299921	553.4699	 	 	 	 	 	 	 
17	30.444298	554.8933	 	 	 	 	 	 	 
18	29.571743	556.18506	 	 	 	 	 	 	 
19	27.773375	558.4854	 	 	 	 	 	 	 
20	26.909124	558.58466	 	 	 	 	 	 	 
21	26.672426	558.3886	 	 	 	 	 	 	 
22	26.955572	558.44025	 	 	 	 	 	 	 
23	27.22003	558.4565	 	 	 	 	 	 	 
24	27.736746	558.4717	 	 	 	 	 	 	 
25	28.447447	558.217	 	 	 	 	 	 	 
26	30.161545	557.3452	 	 	 	 	 	 	 
27	30.9079	557.469	 	 	 	 	 	 	 
28	30.676641	557.8805	 	 	 	 	 	 	 
29	30.81849	558.2385	 	 	 	 	 	 	 
30	30.867506	558.28503	 	 	 	 	 	 	 
31	30.255146	558.3747	 	 	 	 	 	 	 
32	30.7211	557.0926	 	 	 	 	 	 	 
33	32.395992	555.0788	 	 	 	 	 	 	 
34	34.253284	553.88464	 	 	 	 	 	 	 
35	35.830482	553.69354	 	 	 	 	 	 	 
36	36.133522	552.24066	 	 	 	 	 	 	 
37	37.677628	547.7121	 	 	 	 	 	 	 
38	38.37804	545.1851	 	 	 	 	 	 	 
39	37.873756	543.1537	 	 	 	 	 	 	 
40	37.835854	543.0444	 	 	 	 	 	 	 
41	38.01268	542.9814	 	 	 	 	 	 	 
42	38.423683	542.8509	 	 	 	 	 	 	 
43	38.606846	542.66064	 	 	 	 	 	 	 
44	37.9427	542.3705	 	 	 	 	 	 	 
45	36.032856	541.59503	 	 	 	 	 	 	 
46	34.949856	540.5465	 	 	 	 	 	 	 
47	33.5617	538.7513	 	 	 	 	 	 	 
48	33.26509	537.8347	 	 	 	 	 	 	 
49	32.51847	536.29846	 	 	 	 	 	 	 
50	31.819265	533.7819	 	 	 	 	 	 	 
51	29.796831	529.8144	 	 	 	 	 	 	 
52	27.65191	525.0225	 	 	 	 	 	 	 
53	26.675127	520.5066	 	 	 	 	 	 	 
54	25.133512	515.1064	 	 	 	 	 	 	 
55	24.189339	507.40607	 	 	 	 	 	 	 
56	22.545574	494.5461	 	 	 	 	 	 	 
57	20.945263	480.23447	 	 	 	 	 	 	 
58	18.788025	464.1697	 	 	 	 	 	 	 
59	17.667385	454.10715	 	 	 	 	 	 	 
60	17.009027	449.7522	 	 	 	 	 	 	 
61	16.801212	442.35855	 	 	 	 	 	 	 
62	18.150915	426.54556	 	 	 	 	 	 	 
63	18.68343	412.75595	 	 	 	 	 	 	 
64	19.55563	397.52408	 	 	 	 	 	 	 
65	20.385925	384.7416	 	 	 	 	 	 	 
66	19.539484	379.60477	 	 	 	 	 	 	 
67	19.423843	369.1078	 	 	 	 	 	 	 
68	18.693604	363.64032	 	 	 	 	 	 	 
69	18.699772	356.20377	 	 	 	 	 	 	 
70	19.400455	347.67084	 	 	 	 	 	 	 
71	20.305325	339.83002	 	 	 	 	 	 	 
72	21.299213	329.76474	 	 	 	 	 	 	 
73	21.500792	321.8811	 	 	 	 	 	 	 
74	21.936646	314.84763	 	 	 	 	 	 	 
75	22.305212	309.79413	 	 	 	 	 	 	 
76	22.353762	304.06204	 	 	 	 	 	 	 
77	22.693623	295.75128	 	 	 	 	 	 	 
78	22.874153	287.14905	 	 	 	 	 	 	 
79	23.598574	280.08295	 	 	 	 	 	 	 
80	23.099344	270.3455	 	 	 	 	 	 	 
81	22.480488	262.7511	 	 	 	 	 	 	 
82	22.219051	253.78355	 	 	 	 	 	 	 
83	21.168697	246.4868	 	 	 	 	 	 	 
84	21.044502	242.33403	 	 	 	 	 	 	 
85	22.195099	235.62575	 	 	 	 	 	 	 
86	23.484705	229.28586	 	 	 	 	 	 	 
87	23.937832	217.03084	 	 	 	 	 	 	 
88	24.150831	204.18503	 	 	 	 	 	 	 
89	24.69188	192.83179	 	 	 	 	 	 	 
90	25.626059	177.55057	 	 	 	 	 	 	 
91	25.712074	165.72948	 	 	 	 	 	 	 
92	25.718153	155.77203	 	 	 	 	 	 	 
93	26.929338	152.59145	 	 	 	 	 	 	 
94	27.614817	151.71727	 	 	 	 	 	 	 
95	27.344336	149.97557	 	 	 	 	 	 	 
96	26.366398	146.42311	 	 	 	 	 	 	 
97	25.417627	140.90965	 	 	 	 	 	 	 
98	24.661589	133.32593	 	 	 	 	 	 	 
99	23.896801	127.601295	 	 	 	 	 	 	 
100	23.21998	124.07366	 	 	 	 	 	 	 
101	22.484821	119.86532	 	 	 	 	 	 	 
102	21.982628	116.62106	 	 	 	 	 	 	 
103	21.859081	115.113235	 	 	 	 	 	 	 
104	22.006163	115.65406	 	 	 	 	 	 	 
105	22.190449	117.28452	 	 	 	 	 	 	 
106	21.98665	117.6332	 	 	 	 	 	 	 
107	21.90761	117.24402	 	 	 	 	 	 	 
108	21.851639	117.23145	 	 	 	 	 	 	 
109	21.807453	115.82101	 	 	 	 	 	 	 
110	21.529669	113.24333	 	 	 	 	 	 	 
111	21.07238	107.7396	 	 	 	 	 	 	 
112	20.170248	101.2896	 	 	 	 	 	 	 
113	19.444445	95.32764	 	 	 	 	 	 	 
114	18.483658	89.48824	 	 	 	 	 	 	 
115	17.917936	84.742676	 	 	 	 	 	 	 
116	17.06028	79.682816	 	 	 	 	 	 	 
117	17.291058	73.409065	 	 	 	 	 	 	 
118	17.223455	68.58488	 	 	 	 	 	 	 
119	17.055937	65.4813	 	 	 	 	 	 	 
120	17.066647	64.35826	 	 	 	 	 	 	 
121	16.86674	63.843876	 	 	 	 	 	 	 
122	17.001278	64.790924	 	 	 	 	 	 	 
123	17.610304	68.07365	 	 	 	 	 	 	 
124	18.66935	72.86821	 	 	 	 	 	 	 
125	20.024061	79.29532	 	 	 	 	 	 	 
126	21.605282	86.59514	 	 	 	 	 	 	 
127	24.537548	92.365746	 	 	 	 	 	 	 
128	26.619793	95.739586	 	 	 	 	 	 	 
129	28.524275	97.21522	 	 	 	 	 	 	 
130	30.97523	97.58599	 	 	 	 	 	 	 
131	34.215443	98.99138	 	 	 	 	 	 	 
132	40.374035	101.405945	 	 	 	 	 	 	 
133	48.527336	104.20152	 	 	 	 	 	 	 
134	62.476707	105.99713	 	 	 	 	 	 	 
135	80.85461	108.27304	 	 	 	 	 	 	 
136	93.67175	109.60709	 	 	 	 	 	 	 
137	106.32357	111.62275	 	 	 	 	 	 	 
138	118.70032	114.91184	 	 	 	 	 	 	 
139	131.42093	118.82908	 	 	 	 	 	 	 
140	150.41187	125.336365	 	 	 	 	 	 	 
141	172.27461	130.83484	 	 	 	 	 	 	 
142	191.37006	134.83418	 	 	 	 	 	 	 
143	208.41478	137.22878	 	 	 	 	 	 	 
144	226.02126	137.33765	 	 	 	 	 	 	 
145	244.19864	135.5071	 	 	 	 	 	 	 
146	263.56766	133.19194	 	 	 	 	 	 	 
147	281.68216	131.76819	 	 	 	 	 	 	 
148	301.4634	131.43073	 	 	 	 	 	 	 
149	322.44873	128.95624	 	 	 	 	 	 	 
150	339.10785	125.71471	 	 	 	 	 	 	 
151	359.16385	121.29253	 	 	 	 	 	 	 
152	374.26523	119.97483	 	 	 	 	 	 	 
153	391.772	118.309525	 	 	 	 	 	 	 
154	412.5583	112.58316	 	 	 	 	 	 	 
155	431.89923	105.85672	 	 	 	 	 	 	 
156	446.7561	98.73616	 	 	 	 	 	 	 
157	459.4351	92.275894	 	 	 	 	 	 	 
158	471.41882	84.77945	 	 	 	 	 	 	 
159	482.34998	76.62865	 	 	 	 	 	 	 
160	492.9119	67.38881	 	 	 	 	 	 	 
161	501.86978	59.378235	 	 	 	 	 	 	 
162	509.0079	54.817623	 	 	 	 	 	 	 
163	516.5042	51.529278	 	 	 	 	 	 	 
164	520.7836	50.359715	 	 	 	 	 	 	 
165	522.0114	49.951626	 	 	 	 	 	 	 
166	521.65454	50.05294	 	 	 	 	 	 	 
167	519.59985	49.891125	 	 	 	 	 	 	 
168	518.3819	49.58528	 	 	 	 	 	 	 
169	517.7811	49.6458	 	 	 	 	 	 	 
170	519.26	49.158432	 	 	 	 	 	 	 
171	522.3501	48.723362	 	 	 	 	 	 	 
172	527.5066	46.791637	 	 	 	 	 	 	 
173	534.24854	43.645863	 	 	 	 	 	 	 
174	540.52057	40.01063	 	 	 	 	 	 	 
175	542.1815	38.44417	 	 	 	 	 	 	 
176	543.1227	37.17392	 	 	 	 	 	 	 
177	544.793	35.76132	 	 	 	 	 	 	 
178	545.8238	34.9482	 	 	 	 	 	 	 
179	546.4505	35.186047	 	 	 	 	 	 	 
180	546.6324	35.5994	 	 	 	 	 	 	 
181	546.3635	36.483128	 	 	 	 	 	 	 
182	545.7068	36.680122	 	 	 	 	 	 	 
183	545.5569	36.652416	 	 	 	 	 	 	 
184	546.774	36.267643	 	 	 	 	 	 	 
185	547.56335	36.099724	 	 	 	 	 	 	 
186	548.9988	35.41841	 	 	 	 	 	 	 
187	552.4544	35.05708	 	 	 	 	 	 	 
188	558.5172	34.94507	 	 	 	 	 	 	 
189	562.5553	36.39028	 	 	 	 	 	 	 
190	563.53784	35.70301	 	 	 	 	 	 	 
191	564.5427	34.84501	 	 	 	 	 	 	 
192	565.30804	33.386257	 	 	 	 	 	 	 
193	565.57983	32.43076	 	 	 	 	 	 	 
194	565.9115	31.102869	 	 	 	 	 	 	 
195	566.78064	30.100115	 	 	 	 	 	 	 
196	569.0207	25.871117	 	 	 	 	 	 	 
197	569.5437	27.584604	 	 	 	 	 	 	 
198	570.1583	27.47636	 	 	 	 	 	 	 
199	572.2936	23.629707	 	 	 	 	 	 	 
200	573.10443	21.371817	 	 	 	 	 	 	 
201	573.9635	20.70868	 	 	 	 	 	 	 
202	573.35205	21.531195	 	 	 	 	 	 	 
203	573.374	21.638142	 	 	 	 	 	 	 
204	572.9781	24.554527	 	 	 	 	 	 	 
205	573.1922	22.843594	 	 	 	 	 	 	 
206	572.9987	22.882872	 	 	 	 	 	 	 
207	572.81134	25.83773	 	 	 	 	 	 	 
208	572.91614	25.187304	 	 	 	 	 	 	 
209	572.88525	25.419943	 	 	 	 	 	 	 
210	572.0058	26.807592	 	 	 	 	 	 	 
211	571.17334	28.393042	 	 	 	 	 	 	 
212	571.0309	26.476364	 	 	 	 	 	 	 
213	569.92615	26.699265	 	 	 	 	 	 	 
214	569.0184	23.843874	 	 	 	 	 	 	 
215	568.85547	23.501135	 	 	 	 	 	 	 
216	568.46783	23.562677	 	 	 	 	 	 	 
217	568.4019	23.21882	 	 	 	 	 	 	 
218	568.42755	23.518826	 	 	 	 	 	 	 
219	568.19147	23.018019	 	 	 	 	 	 	 
220	567.6094	23.707806	 	 	 	 	 	 	 
221	567.49725	23.796255	 	 	 	 	 	 	 
222	564.7301	28.391153	 	 	 	 	 	 	 
223	565.2038	28.571033	 	 	 	 	 	 	 
224	566.61646	26.533062	 	 	 	 	 	 	 
225	566.04144	30.634056	 	 	 	 	 	 	 
226	565.82874	35.433117	 	 	 	 	 	 	 
227	566.35657	40.630566	 	 	 	 	 	 	 
228	564.376	43.91374	 	 	 	 	 	 	 
229	562.2302	47.214504	 	 	 	 	 	 	 
230	561.38617	48.87311	 	 	 	 	 	 	 
231	559.4618	50.16258	 	 	 	 	 	 	 
232	557.41095	50.01833	 	 	 	 	 	 	 
233	554.80023	50.862785	 	 	 	 	 	 	 
234	554.1674	50.86622	 	 	 	 	 	 	 
235	555.15326	49.26884	 	 	 	 	 	 	 
236	555.21606	49.21084	 	 	 	 	 	 	 
237	556.14777	47.758755	 	 	 	 	 	 	 
238	556.4025	47.787277	 	 	 	 	 	 	 
239	556.68665	49.39072	 	 	 	 	 	 	 
240	557.0049	50.80098	 	 	 	 	 	 	 
241	553.29083	54.19835	 	 	 	 	 	 	 
242	550.2256	54.846706	 	 	 	 	 	 	 
243	547.3816	55.107155	 	 	 	 	 	 	 
244	544.082	53.809193	 	 	 	 	 	 	 
245	540.2355	53.565002	 	 	 	 	 	 	 
246	536.2369	51.654373	 	 	 	 	 	 	 
247	531.224	50.353867	 	 	 	 	 	 	 
248	525.34576	49.57073	 	 	 	 	 	 	 
249	519.0408	49.86124	 	 	 	 	 	 	 
250	510.10248	47.9612	 	 	 	 	 	 	 
251	496.61462	44.99672	 	 	 	 	 	 	 
252	484.5238	46.21342	 	 	 	 	 	 	 
253	469.105	45.285847	 	 	 	 	 	 	 
254	452.35416	44.607365	 	 	 	 	 	 	 
255	435.3019	44.328236	 	 	 	 	 	 	 
256	418.19122	43.964615	 	 	 	 	 	 	 
257	400.01697	44.607376	 	 	 	 	 	 	 
258	382.63528	44.19491	 	 	 	 	 	 	 
259	363.58218	43.36003	 	 	 	 	 	 	 
260	343.50647	42.843143	 	 	 	 	 	 	 
261	322.44238	42.910255	 	 	 	 	 	 	 
262	301.65887	42.90769	 	 	 	 	 	 	 
263	283.03088	41.815887	 	 	 	 	 	 	 
264	265.34558	41.340622	 	 	 	 	 	 	 
265	250.12782	42.373466	 	 	 	 	 	 	 
266	236.83322	42.841747	 	 	 	 	 	 	 
267	227.23119	40.151863	 	 	 	 	 	 	 
268	217.34506	38.88593	 	 	 	 	 	 	 
269	206.1059	41.549477	 	 	 	 	 	 	 
270	196.27303	42.192284	 	 	 	 	 	 	 
271	185.73514	40.093132	 	 	 	 	 	 	 
272	173.45901	36.947624	 	 	 	 	 	 	 
273	164.25027	36.987297	 	 	 	 	 	 	 
274	153.89703	40.431705	 	 	 	 	 	 	 
275	144.25143	41.469784	 	 	 	 	 	 	 
276	134.82294	38.56237	 	 	 	 	 	 	 
277	125.164154	37.29378	 	 	 	 	 	 	 
278	112.34605	37.78616	 	 	 	 	 	 	 
279	100.90783	38.990215	 	 	 	 	 	 	 
280	90.792465	39.8531	 	 	 	 	 	 	 
281	76.86205	40.354816	 	 	 	 	 	 	 
282	65.25928	40.040977	 	 	 	 	 	 	 
283	54.855003	39.36882	 	 	 	 	 	 	 
284	48.619057	40.71489	 	 	 	 	 	 	 
285	45.79519	40.916824	 	 	 	 	 	 	 
286	44.35225	40.587215	 	 	 	 	 	 	 
287	44.264366	39.809933	 	 	 	 	 	 	 
288	44.66735	39.567024	 	 	 	 	 	 	 
289	44.932144	39.408398	 	 	 	 	 	 	 
290	44.342358	39.818752	 	 	 	 	 	 	 
291	44.133717	40.1624	 	 	 	 	 	 	 
292	43.84624	40.82488	 	 	 	 	 	 	 
293	60.98206	39.4688	 	 	 	 	 	 	 
294	42.274933	43.002247	*	 	 	 	 	 	 
295	41.704235	43.66189	 	 	 	 	 	 	 
296	36.15946	45.304913	 	 	 	 	 	 	 
297	19.89017	51.990784	 	 	 	 	 	 	 
298	8.585603	55.94747	 	 	 	 	 	 	 
299	8.799363	60.78153	 	 	 	 	 	 	 
300	10.125411	66.74644	 	 	 	 	 	 	 
301	14.139402	70.72515	 	 	 	 	 	 	 
302	18.868654	79.5203	 	 	 	 	 	 	 
303	24.589083	81.92314	 	 	 	 	 	 	 
304	26.609581	85.48571	 	 	 	 	 	 	 
305	27.151125	88.60806	 	 	 	 	 	 	 
306	28.057377	90.36304	 	 	 	 	 	 	 
307	28.826923	90.88765	 	 	 	 	 	 	 
308	29.152035	89.141975	 	 	 	 	 	 	 
309	29.764093	87.40937	 	 	 	 	 	 	 
310	30.568615	86.11288	 	 	 	 	 	 	 
311	32.107056	85.92494	 	 	 	 	 	 	 
312	33.210926	85.002266	 	 	 	 	 	 	 
313	34.351654	84.807724	 	 	 	 	 	 	 
314	35.266506	84.772545	 	 	 	 	 	 	 
315	36.40057	84.95762	 	 	 	 	 	 	 
316	37.213936	85.0615	 	 	 	 	 	 	 
317	37.869083	85.76577	 	 	 	 	 	 	 
318	39.101036	87.180984	 	 	 	 	 	 	 
319	39.722836	88.96385	 	 	 	 	 	 	 
320	39.94365	89.65651	 	 	 	 	 	 	 
321	40.073994	89.70383	 	 	 	 	 	 	 
322	40.521763	88.844345	 	 	 	 	 	 	 
323	41.387794	86.4031	 	 	 	 	 	 	 
324	42.70159	84.16494	 	 	 	 	 	 	 
325	47.903755	83.79433	 	 	 	 	 	 	 
326	48.490627	81.40024	 	 	 	 	 	 	 
327	50.701664	79.40973	 	 	 	 	 	 	 
328	52.218033	76.768394	 	 	 	 	 	 	 
329	54.97235	74.32546	 	 	 	 	 	 	 
330	58.115406	72.57617	 	 	 	 	 	 	 
331	61.307865	69.29542	 	 	 	 	 	 	 
332	64.14448	64.362656	 	 	 	 	 	 	 
333	66.62005	56.968037	 	 	 	 	 	 	 
334	69.89107	50.169098	 	 	 	 	 	 	 
335	73.28272	45.19282	 	 	 	 	 	 	 
336	77.15324	43.910572	 	 	 	 	 	 	 
337	79.818344	43.410686	 	 	 	 	 	 	 
338	81.448586	42.87683	 	 	 	 	 	 	 
339	82.82232	43.179623	 	 	 	 	 	 	 
340	84.052315	43.867218	 	 	 	 	 	 	 
341	84.60069	46.521873	 	 	 	 	 	 	 
342	83.81144	48.797318	 	 	 	 	 	 	 
343	83.03477	50.60272	 	 	 	 	 	 	 
344	81.87589	51.53469	 	 	 	 	 	 	 
345	80.904755	52.73732	 	 	 	 	 	 	 
346	80.40697	51.870712	 	 	 	 	 	 	 
347	80.48802	51.44935	 	 	 	 	 	 	 
348	80.77306	51.224907	 	 	 	 	 	 	 
349	80.92654	51.345604	 	 	 	 	 	 	 
350	81.09527	51.014866	 	 	 	 	 	 	 
351	81.14625	50.853416	 	 	 	 	 	 	 
352	81.21529	51.457176	 	 	 	 	 	 	 
353	82.05956	55.13172	 	 	 	 	 	 	 
354	83.76075	61.696804	 	 	 	 	 	 	 
355	87.80383	63.809914	 	 	 	 	 	 	 
356	91.86685	67.674385	 	 	 	 	 	 	 
357	97.074425	73.41042	 	 	 	 	 	 	 
358	100.193535	80.707245	 	 	 	 	 	 	 
359	107.30867	90.41599	 	 	 	 	 	 	 
360	115.297935	99.39155	 	 	 	 	 	 	 
361	126.03905	111.01309	 	 	 	 	 	 	 
362	136.40843	123.38241	 	 	 	 	 	 	 
363	147.01349	136.76756	 	 	 	 	 	 	 
364	157.4332	151.98141	 	 	 	 	 	 	 
365	170.29428	167.83438	 	 	 	 	 	 	 
366	184.18773	183.35388	 	 	 	 	 	 	 
367	198.85406	194.64607	 	 	 	 	 	 	 
368	215.01453	206.99817	 	 	 	 	 	 	 
369	231.83612	218.23181	 	 	 	 	 	 	 
370	253.75781	232.85397	 	 	 	 	 	 	 
371	271.93756	244.14223	 	 	 	 	 	 	 
372	289.96478	253.19345	 	 	 	 	 	 	 
373	305.8966	259.31735	 	 	 	 	 	 	 
374	322.7802	267.0111	 	 	 	 	 	 	 
375	337.52554	273.64444	 	 	 	 	 	 	 
376	352.4144	279.0816	 	 	 	 	 	 	 
377	367.66693	283.7745	 	 	 	 	 	 	 
378	384.01648	290.07538	 	 	 	 	 	 	 
379	400.92053	296.17273	 	 	 	 	 	 	 
380	417.36484	300.49365	 	 	 	 	 	 	 
381	434.25128	302.10587	 	 	 	 	 	 	 
382	450.08163	303.985	 	 	 	 	 	 	 
383	467.48392	305.4709	 	 	 	 	 	 	 
384	482.8945	305.81067	 	 	 	 	 	 	 
385	497.48367	305.08847	 	 	 	 	 	 	 
386	512.8771	303.48743	 	 	 	 	 	 	 
387	526.1863	302.92084	 	 	 	 	 	 	 
388	536.61914	302.02206	 	 	 	 	 	 	 
389	543.02655	299.9314	 	 	 	 	 	 	 
390	543.63226	297.4258	 	 	 	 	 	 	 
391	544.7042	295.9805	 	 	 	 	 	 	 
392	545.56824	296.62854	 	 	 	 	 	 	 
393	547.1868	297.87976	 	 	 	 	 	 	 
394	549.67847	297.63834	 	 	 	 	 	 	 
395	552.2403	296.19336	 	 	 	 	 	 	 
396	555.264	293.45593	 	 	 	 	 	 	 
397	555.5298	292.64853	 	 	 	 	 	 	 
398	555.86835	292.30255	 	 	 	 	 	 	 
399	557.012	291.99612	 	 	 	 	 	 	 
400	558.186	292.04697	 	 	 	 	 	 	 
401	559.86584	291.8201	 	 	 	 	 	 	 
402	559.7619	291.78717	 	 	 	 	 	 	 
403	560.2158	291.56937	 	 	 	 	 	 	 
404	559.92236	290.76	 	 	 	 	 	 	 
405	560.4451	289.6641	 	 	 	 	 	 	 
406	562.1811	288.99472	 	 	 	 	 	 	 
407	562.70544	288.4397	 	 	 	 	 	 	 
408	562.7094	288.26688	 	 	 	 	 	 	 
409	564.6158	287.3148	 	 	 	 	 	 	 
410	573.153	280.43265	 	 	 	 	 	 	 
411	 	 	 	 	 	 	 	 	 
412	 	 	 	 	 	 	 	 	 
413	 	 	 	 	 	 	 	 	 
414	 	 	 	581.89075	245.12384	 	 	 	 
415	 	 	 	575.12634	243.9031	 	 	 	 
416	 	 	 	569.4543	242.63158	 	 	 	 
417	 	 	 	566.7068	240.04697	 	 	 	 
418	 	 	 	565.1616	239.50754	 	 	 	 
419	 	 	 	563.9873	239.50902	 	 	 	 
420	 	 	 	563.22546	239.47597	 	 	 	 
421	 	 	 	562.6353	238.94888	 	 	 	 
422	 	 	 	562.09125	238.56691	 	 	 	 
423	 	 	 	560.038	237.45573	 	 	 	 
424	 	 	 	557.80475	234.64035	 	 	 	 
425	 	 	 	555.4172	232.2065	 	 	 	 
426	 	 	 	553.75385	230.89769	 	 	 	 
427	 	 	 	551.6823	231.67642	 	 	 	 
428	 	 	 	548.01715	233.7406	 	 	 	 
429	 	 	 	547.8839	234.23822	 	 	 	 
430	 	 	 	550.022	233.07355	 	 	 	 
431	 	 	 	550.68994	232.76184	 	 	 	 
432	 	 	 	550.507	233.20729	 	 	 	 
433	 	 	 	550.18604	233.91002	 	 	 	 
434	 	 	 	549.62036	235.04883	 	 	 	 
435	 	 	 	549.4905	237.26027	 	 	 	 
436	 	 	 	550.2975	239.72408	 	 	 	 
437	 	 	 	549.917	241.89735	 	 	 	 
438	 	 	 	549.05664	244.6576	 	 	 	 
439	 	 	 	548.54333	248.17131	 	 	 	 
440	 	 	 	548.5333	252.82901	 	 	 	 
441	 	 	 	548.38196	257.47745	 	 	 	 
442	 	 	 	549.27954	262.47263	 	 	 	 
443	 	 	 	549.89075	270.4448	 	 	 	 
444	 	 	 	550.66766	277.33038	 	 	 	 
445	 	 	 	550.3877	285.4413	 	 	 	 
446	 	 	 	547.43384	294.83777	 	 	 	 
447	 	 	 	542.0801	304.67838	 	 	 	 
448	 	 	 	537.00757	312.43765	 	 	 	 
449	 	 	 	529.8926	321.78894	 	 	 	 
450	 	 	 	522.3031	330.66437	 	 	 	 
451	 	 	 	512.3213	339.95804	 	 	 	 
452	 	 	 	500.76828	350.82114	 	 	 	 
453	 	 	 	493.25858	361.04584	 	 	 	 
454	 	 	 	484.31448	372.5176	 	 	 	 
455	 	 	 	475.3	383.77173	 	 	 	 
456	 	 	 	466.2156	395.20062	 	 	 	 
457	 	 	 	455.39832	406.43353	 	 	 	 
458	 	 	 	445.47614	419.01846	 	 	 	 
459	 	 	 	431.93768	433.75266	 	 	 	 
460	 	 	 	418.6643	447.83496	 	 	 	 
461	 	 	 	403.78976	462.1028	 	 	 	 
462	 	 	 	391.00027	475.45114	 	 	 	 
463	 	 	 	377.4576	490.70575	 	 	 	 
464	 	 	 	366.515	505.12866	 	 	 	 
465	 	 	 	354.07153	520.27716	 	 	 	 
466	 	 	 	345.0114	533.5135	 	 	 	 
467	 	 	 	335.8316	545.17926	 	 	 	 
468	 	 	 	330.91455	550.2549	 	 	 	 
469	 	 	 	325.18954	551.48004	 	 	 	 
470	 	 	 	317.72327	550.874	 	 	 	 
471	 	 	 	310.31805	551.3542	 	 	 	 
472	 	 	 	301.79312	553.8813	 	 	 	 
473	 	 	 	293.65115	556.3377	 	 	 	 
474	 	 	 	288.36942	557.938	 	 	 	 
475	 	 	 	284.83502	557.5304	 	 	 	 
476	 	 	 	284.63907	554.58844	 	 	 	 
477	 	 	 	285.45593	552.1554	 	 	 	 
478	 	 	 	283.11282	550.4986	 	 	 	 
479	 	 	 	278.0371	549.00244	 	 	 	 
480	 	 	 	273.5046	548.0766	 	 	 	 
481	 	 	 	267.80078	546.93384	 	 	 	 
482	 	 	 	260.5169	545.49023	 	 	 	 
483	 	 	 	249.1851	544.8143	 	 	 	 
484	 	 	 	232.9018	543.2194	 	 	 	 
485	 	 	 	215.2166	539.1188	 	 	 	 
486	 	 	 	199.3171	535.2587	 	 	 	 
487	 	 	 	183.10931	532.1137	 	 	 	 
488	 	 	 	164.96185	530.25885	 	 	 	 
489	 	 	 	149.36554	528.95435	 	 	 	 
490	 	 	 	136.32074	528.0572	 	 	 	 
491	 	 	 	123.54436	528.08276	 	 	 	 
492	 	 	 	111.048676	530.6751	 	 	 	 
493	 	 	 	97.80669	533.21625	 	 	 	 
494	 	 	 	83.47391	536.5454	 	 	 	 
495	 	 	 	68.531586	538.9047	 	 	 	 
496	 	 	 	59.676975	541.6655	 	 	 	 
497	 	 	 	52.316	544.98535	 	 	 	 
498	 	 	 	53.06593	546.3096	 	 	 	 
499	 	 	 	55.56	545.5646	 	 	 	 
500	 	 	 	56.721676	543.63403	 	 	 	 
501	 	 	 	56.762695	541.8244	 	 	 	 
502	 	 	 	57.166542	540.3748	 	 	 	 
503	 	 	 	57.268738	535.68024	 	 	 	 
504	 	 	 	58.27495	529.1934	 	 	 	 
505	 	 	 	57.516598	522.7707	 	 	 	 
506	 	 	 	54.10898	514.6463	 	 	 	 
507	 	 	 	48.08535	503.5395	 	 	 	 
508	 	 	 	40.63961	490.93628	 	 	 	 
509	 	 	 	36.6575	479.71976	 	 	 	 
510	 	 	 	36.388798	470.00433	 	 	 	 
511	 	 	 	35.667156	459.25717	 	 	 	 
512	 	 	 	33.52956	451.81302	 	 	 	 
513	 	 	 	31.077982	445.21527	 	 	 	 
514	 	 	 	31.420277	438.49826	 	 	 	 
515	 	 	 	32.274654	433.95938	 	 	 	 
516	 	 	 	30.938017	431.18774	 	 	 	 
517	 	 	 	29.378859	429.55978	 	 	 	 
518	 	 	 	27.547907	427.89404	 	 	 	 
519	 	 	 	27.215847	425.79962	 	 	 	 
520	 	 	 	27.676008	423.1352	 	 	 	 
521	 	 	 	27.572086	422.1728	 	 	 	 
522	 	 	 	26.963192	421.34042	 	 	 	 
523	 	 	 	27.401674	421.4622	 	 	 	 
524	 	 	 	28.898844	422.83948	 	 	 	 
525	 	 	 	30.430452	424.22708	 	 	 	 
526	 	 	 	29.409428	423.90836	 	 	 	 
527	 	 	 	26.33944	422.18427	 	 	 	 
528	 	 	 	23.678717	420.66254	 	 	 	 
529	 	 	 	22.548447	419.4298	 	 	 	 
530	 	 	 	21.60491	418.3339	 	 	 	 
531	 	 	 	21.620586	417.4607	 	 	 	 
532	 	 	 	22.275066	416.81003	 	 	 	 
533	 	 	 	22.053537	416.08987	 	 	 	 
534	 	 	 	22.169836	415.34158	 	 	 	 
535	 	 	 	21.7979	414.92902	 	 	 	 
536	 	 	 	20.523317	413.7738	 	 	 	 
537	 	 	 	19.08169	412.60776	 	 	 	 
538	 	 	 	17.607367	411.19748	 	 	 	 
539	 	 	 	17.409925	410.20392	 	 	 	 
540	 	 	 	18.248018	410.4366	 	 	 	 
541	 	 	 	19.343063	410.3241	 	 	 	 
542	 	 	 	20.297478	411.85016	 	 	 	 
543	 	 	 	21.048193	412.86597	 	 	 	 
544	 	 	 	21.79526	414.31393	 	 	 	 
545	 	 	 	21.082764	415.25238	 	 	 	 
546	 	 	 	20.845695	416.59866	 	 	 	 
547	 	 	 	18.266062	418.68716	 	 	 	 
548	 	 	 	13.347471	426.72595	 	 	 	 
549	 	 	 	10.297651	439.00858	 	 	 	 
550	 	 	 	9.670868	449.9762	 	 	 	 
551	 	 	 	10.594174	459.8039	 	 	 	 
552	 	 	 	14.9279375	466.07724	 	 	 	 
553	 	 	 	21.30713	469.67773	 	 	 	 
554	 	 	 	27.785503	469.5909	 	 	 	 
555	 	 	 	29.18029	469.0427	 	 	 	 
556	 	 	 	29.765253	469.61465	 	 	 	 
557	 	 	 	31.5	469.7862	 	 	 	 
558	 	 	 	33.923	468.93356	 	 	 	 
559	 	 	 	36.696003	468.373	 	 	 	 
560	 	 	 	38.893448	468.30502	 	 	 	 
561	 	 	 	40.53184	466.26062	 	 	 	 
562	 	 	 	41.378048	464.24332	 	 	 	 
563	 	 	 	42.904827	463.06912	 	 	 	 
564	 	 	 	44.23682	462.45193	 	 	 	 
565	 	 	 	45.216217	462.3027	 	 	 	 
566	 	 	 	45.250774	461.84286	 	 	 	 
567	 	 	 	45.35433	461.8358	 	 	 	 
568	 	 	 	44.973827	461.88452	 	 	 	 
569	 	 	 	44.940994	462.14557	 	 	 	 
570	 	 	 	44.684452	462.51715	 	 	 	 
571	 	 	 	45.48878	463.74255	 	 	 	 
572	 	 	 	46.58764	465.17303	 	 	 	 
573	 	 	 	46.790276	466.48898	 	 	 	 
574	 	 	 	47.551197	468.5581	 	 	 	 
575	 	 	 	48.65795	471.02118	 	 	 	 
576	 	 	 	48.69324	473.98993	 	 	 	 
577	 	 	 	48.933533	475.9666	 	 	 	 
578	 	 	 	49.18147	477.611	 	 	 	 
579	 	 	 	49.63923	479.44824	 	 	 	 
580	 	 	 	49.801056	481.75668	 	 	 	 
581	 	 	 	50.72941	484.28647	 	 	 	 
582	 	 	 	50.800056	488.29276	 	 	 	 
583	 	 	 	51.19432	493.59222	 	 	 	 
584	 	 	 	50.88526	501.16052	 	 	 	 
585	 	 	 	50.482723	510.6262	 	 	 	 
586	 	 	 	52.793385	521.635	 	 	 	 
587	 	 	 	57.08012	530.5289	 	 	 	 
588	 	 	 	58.816868	535.7701	 	 	 	 
589	 	 	 	58.509266	540.5304	 	 	 	 
590	 	 	 	61.059967	546.67267	 	 	 	 
591	 	 	 	65.558876	551.4991	 	 	 	 
592	 	 	 	67.663605	552.07697	 	 	 	 
593	 	 	 	68.471695	551.1749	 	 	 	 
594	 	 	 	69.561935	549.87164	 	 	 	 
595	 	 	 	70.40602	549.1988	 	 	 	 
596	 	 	 	71.30363	549.1918	 	 	 	 
597	 	 	 	71.657135	548.92163	 	 	 	 
598	 	 	 	72.914	549.73047	 	 	 	 
599	 	 	 	74.91928	552.61084	 	 	 	 
600	 	 	 	77.48275	554.1883	 	 	 	 
601	 	 	 	78.43066	551.6134	 	 	 	 
602	 	 	 	80.64745	551.15753	 	 	 	 
603	 	 	 	84.11385	551.50464	 	 	 	 
604	 	 	 	86.647606	551.2387	 	 	 	 
605	 	 	 	90.38968	551.31866	 	 	 	 
606	 	 	 	94.99793	550.6559	 	 	 	 
607	 	 	 	101.45267	550.7731	 	 	 	 
608	 	 	 	112.46533	550.59705	 	 	 	 
609	 	 	 	122.22234	549.16125	 	 	 	 
610	 	 	 	134.026	546.49054	 	 	 	 
611	 	 	 	147.68384	543.025	 	 	 	 
612	 	 	 	160.07231	540.03937	 	 	 	 
613	 	 	 	169.14464	536.5707	 	 	 	 
614	 	 	 	173.85672	532.50775	 	 	 	 
615	 	 	 	173.28215	528.1497	 	 	 	 
616	 	 	 	171.9337	522.442	 	 	 	 
617	 	 	 	172.49068	516.5562	 	 	 	 
618	 	 	 	173.16466	512.06757	 	 	 	 
619	 	 	 	172.80199	507.61258	 	 	 	 
620	 	 	 	169.54445	503.54883	 	 	 	 
621	 	 	 	165.86772	499.42572	 	 	 	 
622	 	 	 	163.17484	496.99826	 	 	 	 
623	 	 	 	159.16064	494.3275	 	 	 	 
624	 	 	 	155.17	488.0028	 	 	 	 
625	 	 	 	150.6624	479.17105	 	 	 	 
626	 	 	 	145.1405	471.05005	 	 	 	 
627	 	 	 	139.18323	461.7531	 	 	 	 
628	 	 	 	132.4454	449.69467	 	 	 	 
629	 	 	 	127.08641	438.14923	 	 	 	 
630	 	 	 	121.02197	423.74158	 	 	 	 
631	 	 	 	113.73573	408.57022	 	 	 	 
632	 	 	 	105.207245	393.83334	 	 	 	 
633	 	 	 	96.51708	381.86118	 	 	 	 
634	 	 	 	87.33371	368.8827	 	 	 	 
635	 	 	 	80.52242	356.8237	 	 	 	 
636	 	 	 	73.958305	346.98108	 	 	 	 
637	 	 	 	66.339325	336.93518	 	 	 	 
638	 	 	 	59.461063	327.78732	 	 	 	 
639	 	 	 	52.0544	317.9453	 	 	 	 
640	 	 	 	47.498283	307.92932	 	 	 	 
641	 	 	 	43.67142	299.26053	 	 	 	 
642	 	 	 	41.10135	290.94287	 	 	 	 
643	 	 	 	39.43685	281.23593	 	 	 	 
644	 	 	 	39.52381	271.79977	 	 	 	 
645	 	 	 	41.552074	261.2415	 	 	 	 
646	 	 	 	45.74422	249.99959	 	 	 	 
647	 	 	 	49.29146	241.93677	 	 	 	 
648	 	 	 	54.910618	234.21335	 	 	 	 
649	 	 	 	62.09023	224.10574	 	 	 	 
650	 	 	 	70.738235	212.37224	 	 	 	 
651	 	 	 	81.95616	200.42328	 	 	 	 
652	 	 	 	92.64559	187.05576	 	 	 	 
653	 	 	 	102.405426	174.60425	 	 	 	 
654	 	 	 	111.74132	162.1379	 	 	 	 
655	 	 	 	117.855034	153.87216	 	 	 	 
656	 	 	 	123.811806	146.77348	 	 	 	 
657	 	 	 	128.97412	140.32039	 	 	 	 
658	 	 	 	132.4656	133.40364	 	 	 	 
659	 	 	 	135.93445	125.90812	 	 	 	 
660	 	 	 	141.12941	118.38527	 	 	 	 
661	 	 	 	148.30246	108.88383	 	 	 	 
662	 	 	 	159.95967	100.243805	 	 	 	 
663	 	 	 	175.1964	92.52908	 	 	 	 
664	 	 	 	190.96437	84.54864	 	 	 	 
665	 	 	 	203.99345	77.89928	 	 	 	 
666	 	 	 	222.17789	69.565285	 	 	 	 
667	 	 	 	243.16754	62.723	 	 	 	 
668	 	 	 	266.00952	56.691456	 	 	 	 
669	 	 	 	286.26154	52.847088	 	 	 	 
670	 	 	 	307.7141	48.73426	 	 	 	 
671	 	 	 	326.77902	46.974194	 	 	 	 
672	 	 	 	342.9544	45.622402	 	 	 	 
673	 	 	 	351.62473	44.72199	 	 	 	 
674	 	 	 	359.68958	44.634785	 	 	 	 
675	 	 	 	368.22388	46.517883	 	 	 	 
676	 	 	 	374.52643	51.12676	 	 	 	 
677	 	 	 	381.89273	60.413914	 	 	 	 
678	 	 	 	390.01654	69.9443	 	 	 	 
679	 	 	 	399.67078	80.75905	 	 	 	 
680	 	 	 	408.83975	92.62239	 	 	 	 
681	 	 	 	417.5398	103.93004	 	 	 	 
682	 	 	 	425.2934	118.86663	 	 	 	 
683	 	 	 	432.9445	133.428	 	 	 	 
684	 	 	 	439.1841	147.21736	 	 	 	 
685	 	 	 	446.1986	160.98839	 	 	 	 
686	 	 	 	451.89685	175.23839	 	 	 	 
687	 	 	 	458.21396	191.41121	 	 	 	 
688	 	 	 	465.38773	204.86847	 	 	 	 
689	 	 	 	471.89813	218.78261	 	 	 	 
690	 	 	 	477.63626	233.67645	 	 	 	 
691	 	 	 	482.14328	249.41011	 	 	 	 
692	 	 	 	486.02914	265.8836	 	 	 	 
693	 	 	 	488.3315	279.651	 	 	 	 
694	 	 	 	490.19705	293.64966	 	 	 	 
695	 	 	 	492.43002	307.28943	 	 	 	 
696	 	 	 	492.73624	322.6944	 	 	 	 
697	 	 	 	494.5172	338.38684	 	 	 	 
698	 	 	 	497.12024	351.95572	 	 	 	 
699	 	 	 	498.65958	368.34714	 	 	 	 
700	 	 	 	500.3138	382.93793	 	 	 	 
701	 	 	 	499.58054	398.9408	 	 	 	 
702	 	 	 	501.07922	413.25894	 	 	 	 
703	 	 	 	503.41623	426.71973	 	 	 	 
704	 	 	 	505.45032	442.9601	 	 	 	 
705	 	 	 	507.38815	458.2275	 	 	 	 
706	 	 	 	508.76535	473.76984	 	 	 	 
707	 	 	 	510.16177	486.50433	 	 	 	 
708	 	 	 	512.42957	495.88422	 	 	 	 
709	 	 	 	515.0894	504.41806	 	 	 	 
710	 	 	 	518.20056	513.08093	 	 	 	 
711	 	 	 	520.4932	522.17163	 	 	 	 
712	 	 	 	522.1565	529.28894	 	 	 	 
713	 	 	 	522.8156	533.33295	 	 	 	 
714	 	 	 	523.78375	534.218	 	 	 	 
715	 	 	 	524.4278	532.76965	 	 	 	 
716	 	 	 	524.3263	531.357	 	 	 	 
717	 	 	 	523.04596	529.90015	 	 	 	 
718	 	 	 	520.9899	528.0473	 	 	 	 
719	 	 	 	519.043	526.9041	 	 	 	 
720	 	 	 	517.1245	526.53925	 	 	 	 
721	 	 	 	514.7273	526.06586	 	 	 	 
722	 	 	 	512.30743	526.8148	 	 	 	 
723	 	 	 	508.25046	528.966	 	 	 	 
724	 	 	 	502.05212	532.1516	 	 	 	 
725	 	 	 	495.84927	535.18024	 	 	 	 
726	 	 	 	489.63107	540.3121	 	 	 	 
727	 	 	 	481.39377	545.1615	 	 	 	 
728	 	 	 	474.82556	550.1873	 	 	 	 
729	 	 	 	468.10828	553.2371	 	 	 	 
730	 	 	 	459.5606	553.86316	 	 	 	 
731	 	 	 	449.33484	551.7197	 	 	 	 
732	 	 	 	439.16846	549.8862	 	 	 	 
733	 	 	 	428.8217	547.89435	 	 	 	 
734	 	 	 	418.77176	547.18054	 	 	 	 
735	 	 	 	407.50262	545.9438	 	 	 	 
736	 	 	 	396.52902	544.3822	 	 	 	 
737	 	 	 	382.73294	541.4502	 	 	 	 
738	 	 	 	370.0217	540.77136	 	 	 	 
739	 	 	 	358.9725	540.61163	 	 	 	 
740	 	 	 	345.25366	541.31573	 	 	 	 
741	 	 	 	331.26138	541.9378	 	 	 	 
742	 	 	 	316.2192	541.8427	 	 	 	 
743	 	 	 	302.00424	542.5958	 	 	 	 
744	 	 	 	288.39905	542.8338	 	 	 	 
745	 	 	 	276.247	543.19885	 	 	 	 
746	 	 	 	265.42017	542.9352	 	 	 	 
747	 	 	 	252.36333	541.02325	 	 	 	 
748	 	 	 	238.82951	541.2801	 	 	 	 
749	 	 	 	222.99734	541.7152	 	 	 	 
750	 	 	 	207.32263	542.1952	 	 	 	 
751	 	 	 	191.86938	542.76776	 	 	 	 
752	 	 	 	174.92989	541.167	 	 	 	 
753	 	 	 	161.68866	540.3924	 	 	 	 
754	 	 	 	150.50386	540.349	 	 	 	 
755	 	 	 	136.86343	541.1704	 	 	 	 
756	 	 	 	121.73994	542.1547	 	 	 	 
757	 	 	 	106.01714	542.7498	 	 	 	 
758	 	 	 	90.1336	543.6243	 	 	 	 
759	 	 	 	75.2521	545.6236	 	 	 	 
760	 	 	 	64.27828	548.74835	 	 	 	 
761	 	 	 	54.119404	551.3106	 	 	 	 
762	 	 	 	52.028076	551.9303	 	 	 	 
763	 	 	 	51.985416	550.6354	 	 	 	 
764	 	 	 	51.883545	548.29596	 	 	 	 
765	 	 	 	51.305393	546.62976	 	 	 	 
766	 	 	 	52.01842	546.416	 	 	 	 
767	 	 	 	54.671597	545.7818	 	 	 	 
768	 	 	 	55.779915	542.4692	 	 	 	 
769	 	 	 	56.507145	538.47534	 	 	 	 
770	 	 	 	56.77935	534.3533	 	 	 	 
771	 	 	 	57.619648	530.32294	 	 	 	 
772	 	 	 	56.164635	524.9723	 	 	 	 
773	 	 	 	53.625973	520.68646	 	 	 	 
774	 	 	 	50.0831	514.93176	 	 	 	 
775	 	 	 	47.142666	508.34088	 	 	 	 
776	 	 	 	44.60085	499.3257	 	 	 	 
777	 	 	 	41.83523	488.2068	 	 	 	 
778	 	 	 	40.705334	478.75525	 	 	 	 
779	 	 	 	40.452446	471.13077	 	 	 	 
780	 	 	 	39.374657	462.25098	 	 	 	 
781	 	 	 	37.290623	448.60052	 	 	 	 
782	 	 	 	36.718487	431.59216	 	 	 	 
783	 	 	 	29.494701	411.87457	 	 	 	 
784	 	 	 	26.855629	392.70483	 	 	 	 
785	 	 	 	26.074404	372.7412	 	 	 	 
786	 	 	 	26.676321	352.56232	 	 	 	 
787	 	 	 	25.359632	333.40976	 	 	 	 
788	 	 	 	24.128242	317.25967	 	 	 	 
789	 	 	 	23.827309	302.29178	 	 	 	 
790	 	 	 	24.62689	288.2083	 	 	 	 
791	 	 	 	27.225264	276.0227	 	 	 	 
792	 	 	 	29.625374	264.29785	 	 	 	 
793	 	 	 	30.263557	251.70805	 	 	 	 
794	 	 	 	31.05063	239.16328	 	 	 	 
795	 	 	 	30.602144	226.40552	 	 	 	 
796	 	 	 	30.857214	212.45331	 	 	 	 
797	 	 	 	34.756763	198.1599	 	 	 	 
798	 	 	 	35.649185	188.21658	 	 	 	 
799	 	 	 	37.12042	179.54741	 	 	 	 
800	 	 	 	39.88837	168.2751	 	 	 	 
801	 	 	 	46.409042	156.12535	 	 	 	 
802	 	 	 	55.79676	144.48749	 	 	 	 
803	 	 	 	63.896507	134.27985	 	 	 	 
804	 	 	 	70.204895	125.2689	 	 	 	 
805	 	 	 	76.42455	113.56273	 	 	 	 
806	 	 	 	82.12381	101.74906	 	 	 	 
807	 	 	 	87.890114	91.89174	 	 	 	 
808	 	 	 	93.9334	81.34893	 	 	 	 
809	 	 	 	98.30778	73.023	 	 	 	 
810	 	 	 	103.68819	65.86121	 	 	 	 
811	 	 	 	107.81424	61.677086	 	 	 	 
812	 	 	 	114.35694	60.449375	 	 	 	 
813	 	 	 	123.687355	61.127586	 	 	 	 
814	 	 	 	135.36162	59.333763	 	 	 	 
815	 	 	 	148.89655	53.878418	 	 	 	 
816	 	 	 	162.58672	48.826706	 	 	 	 
817	 	 	 	178.16687	42.854828	 	 	 	 
818	 	 	 	192.87425	39.02796	 	 	 	 
819	 	 	 	206.92706	38.461346	 	 	 	 
820	 	 	 	218.12038	37.634453	 	 	 	 
821	 	 	 	229.10612	36.253506	 	 	 	 
822	 	 	 	236.15727	35.52819	 	 	 	 
823	 	 	 	240.73787	34.798817	 	 	 	 
824	 	 	 	245.36668	36.32411	 	 	 	 
825	 	 	 	249.25111	39.17585	 	 	 	 
826	 	 	 	252.00537	41.941475	 	 	 	 
827	 	 	 	256.32712	43.39357	 	 	 	 
828	 	 	 	263.03256	42.64851	 	 	 	 
829	 	 	 	271.31866	41.572025	 	 	 	 
830	 	 	 	279.22394	40.48335	 	 	 	 
831	 	 	 	288.47385	41.134315	 	 	 	 
832	 	 	 	299.87054	43.38097	 	 	 	 
833	 	 	 	312.3745	47.23179	 	 	 	 
834	 	 	 	322.96915	49.47464	 	 	 	 
835	 	 	 	333.28888	51.550854	 	 	 	 
836	 	 	 	344.97202	53.095024	 	 	 	 
837	 	 	 	354.4346	53.988518	 	 	 	 
838	 	 	 	363.18607	55.2517	 	 	 	 
839	 	 	 	374.169	56.764	 	 	 	 
840	 	 	 	389.15558	54.728134	 	 	 	 
841	 	 	 	408.2494	50.900963	 	 	 	 
842	 	 	 	428.54276	46.614223	 	 	 	 
843	 	 	 	445.33072	44.350525	 	 	 	 
844	 	 	 	460.74518	43.940475	 	 	 	 
845	 	 	 	470.54102	42.951515	 	 	 	 
846	 	 	 	479.1697	42.30076	 	 	 	 
847	 	 	 	489.33856	41.201702	 	 	 	 
848	 	 	 	500.3446	40.216244	 	 	 	 
849	 	 	 	509.3228	39.764202	 	 	 	 
850	 	 	 	515.86035	41.41452	 	 	 	 
851	 	 	 	519.0363	42.193237	 	 	 	 
852	 	 	 	519.2401	42.243893	 	 	 	 
853	 	 	 	519.99054	42.571724	 	 	 	 
854	 	 	 	522.8857	44.588753	 	 	 	 
855	 	 	 	525.78815	48.11191	 	 	 	 
856	 	 	 	529.67816	51.284573	 	 	 	 
857	 	 	 	534.9429	54.45477	 	 	 	 
858	 	 	 	539.5266	59.990566	 	 	 	 
859	 	 	 	542.39856	68.168755	 	 	 	 
860	 	 	 	545.7165	75.92377	 	 	 	 
861	 	 	 	548.42834	82.79128	 	 	 	 
862	 	 	 	550.26135	90.03655	 	 	 	 
863	 	 	 	553.16406	98.39734	 	 	 	 
864	 	 	 	554.58105	105.340805	 	 	 	 
865	 	 	 	554.17255	112.31023	 	 	 	 
866	 	 	 	555.9733	121.87961	 	 	 	 
867	 	 	 	558.0053	131.99371	 	 	 	 
868	 	 	 	558.5377	142.23495	 	 	 	 
869	 	 	 	558.31445	155.32402	 	 	 	 
870	 	 	 	557.7184	169.08377	 	 	 	 
871	 	 	 	555.02625	184.88728	 	 	 	 
872	 	 	 	554.0714	199.9745	 	 	 	 
873	 	 	 	553.5003	214.50513	 	 	 	 
874	 	 	 	552.1166	229.7293	 	 	 	 
875	 	 	 	549.9386	243.14568	 	 	 	 
876	 	 	 	546.14514	258.53384	 	 	 	 
877	 	 	 	546.45856	275.6149	 	 	 	 
878	 	 	 	547.26495	295.44632	 	 	 	 
879	 	 	 	547.8937	315.35803	 	 	 	 
880	 	 	 	547.5163	332.7818	 	 	 	 
881	 	 	 	547.88824	351.22275	 	 	 	 
882	 	 	 	547.96045	371.5344	 	 	 	 
883	 	 	 	547.31323	391.7389	 	 	 	 
884	 	 	 	546.03296	411.89108	 	 	 	 
885	 	 	 	545.0737	431.04315	 	 	 	 
886	 	 	 	545.457	449.3419	 	 	 	 
887	 	 	 	544.5081	469.48816	 	 	 	 
888	 	 	 	544.1422	485.13327	 	 	 	 
889	 	 	 	541.10803	501.41327	 	 	 	 
890	 	 	 	540.78625	513.57367	 	 	 	 
891	 	 	 	541.05475	525.15173	 	 	 	 
892	 	 	 	542.87164	532.5431	 	 	 	 
893	 	 	 	544.1277	535.228	 	 	 	 
894	 	 	 	544.36865	534.6824	 	 	 	 
895	 	 	 	545.4031	534.5979	 	 	 	 
896	 	 	 	547.84875	536.11566	 	 	 	 
897	 	 	 	551.2893	539.7539	 	 	 	 
898	 	 	 	553.8092	543.6619	 	 	 	 
899	 	 	 	555.5056	546.40735	 	 	 	 
900	 	 	 	557.6902	551.2703	 	 	 	 
901	 	 	 	558.3553	552.0624	 	 	 	 
902	 	 	 	558.9532	552.5762	 	 	 	 
903	 	 	 	558.9868	551.2733	 	 	 	 
904	 	 	 	559.2239	551.0248	 	 	 	 
905	 	 	 	559.3876	552.1209	 	 	 	 
906	 	 	 	558.93677	551.54626	 	 	 	 
907	 	 	 	558.67017	551.576	 	 	 	 
908	 	 	 	558.9106	553.5003	 	 	 	 
909	 	 	 	555.88293	545.09064	 	 	 	 
910	 	 	 	555.5086	543.5367	 	 	 	 
911	 	 	 	554.762	541.0498	 	 	 	 
912	 	 	 	555.11346	540.64233	 	 	 	 
913	 	 	 	556.6702	539.2822	 	 	 	 
914	 	 	 	558.28625	538.3132	 	 	 	 
915	 	 	 	558.5616	538.6569	 	 	 	 
916	 	 	 	560.56104	540.8488	 	 	 	 
917	 	 	 	561.65405	541.10626	 	 	 	 
918	 	 	 	562.40643	540.964	 	 	 	 
919	 	 	 	562.78784	540.7512	 	 	 	 
920	 	 	 	563.05176	540.2118	 	 	 	 
921	 	 	 	564.02496	539.9885	 	 	 	 
922	 	 	 	565.73737	540.75964	 	 	 	 
923	 	 	 	566.94183	541.1336	 	 	 	 
924	 	 	 	567.1348	541.20685	 	 	 	 
925	 	 	 	566.5408	541.67773	 	 	 	 
926	 	 	 	565.3172	541.3448	 	 	 	 
927	 	 	 	564.08154	541.07544	 	 	 	 
928	 	 	 	562.79944	540.4377	 	 	 	 
929	 	 	 	561.50244	540.17554	 	 	 	 
930	 	 	 	560.94635	540.0433	 	 	 	 
931	 	 	 	560.92084	540.05566	 	 	 	 
932	 	 	 	564.9462	541.9657	 	 	 	 
933	 	 	 	576.4744	547.64795	 	 	 	 
934	 	 	 	 	 	 	 	 	 
935	 	 	 	 	 	 	 	 	 
936	 	 	 	 	 	 	584.6988	555.5568	 
937	 	 	 	 	 	 	579.3684	554.396	 
938	 	 	 	 	 	 	573.172	551.72174	 
939	 	 	 	 	 	 	567.48175	552.5644	 
940	 	 	 	 	 	 	564.9161	553.22546	 
941	 	 	 	 	 	 	565.0637	553.12317	 
942	 	 	 	 	 	 	565.66376	551.1684	 
943	 	 	 	 	 	 	565.47253	547.16534	 
944	 	 	 	 	 	 	565.01013	543.41266	 
945	 	 	 	 	 	 	565.15784	541.02216	 
946	 	 	 	 	 	 	565.0832	538.1279	 
947	 	 	 	 	 	 	564.6576	536.45013	 
948	 	 	 	 	 	 	564.1407	535.0244	 
949	 	 	 	 	 	 	563.7766	534.0244	 
950	 	 	 	 	 	 	563.8374	531.1951	 
951	 	 	 	 	 	 	564.0904	526.5748	 
952	 	 	 	 	 	 	563.83887	521.9364	 
953	 	 	 	 	 	 	560.3729	512.5029	 
954	 	 	 	 	 	 	557.3559	500.58426	 
955	 	 	 	 	 	 	554.8176	492.99863	 
956	 	 	 	 	 	 	552.3588	489.61517	 
957	 	 	 	 	 	 	549.70416	491.34613	 
958	 	 	 	 	 	 	546.48206	493.28986	 
959	 	 	 	 	 	 	541.82495	492.61258	 
960	 	 	 	 	 	 	536.4113	491.92572	 
961	 	 	 	 	 	 	527.58905	488.06995	 
962	 	 	 	 	 	 	514.7909	479.5509	 
963	 	 	 	 	 	 	502.21707	470.73843	 
964	 	 	 	 	 	 	487.1251	460.65863	 
965	 	 	 	 	 	 	473.3587	454.25272	 
966	 	 	 	 	 	 	458.93124	450.13934	 
967	 	 	 	 	 	 	440.7869	444.83786	 
968	 	 	 	 	 	 	422.0767	437.94403	 
969	 	 	 	 	 	 	401.89987	429.97998	 
970	 	 	 	 	 	 	384.13614	421.63727	 
971	 	 	 	 	 	 	368.32245	414.00916	 
972	 	 	 	 	 	 	353.7728	404.32632	 
973	 	 	 	 	 	 	338.6258	393.04706	 
974	 	 	 	 	 	 	325.89966	382.5551	 
975	 	 	 	 	 	 	315.60138	373.88763	 
976	 	 	 	 	 	 	304.77612	362.83344	 
977	 	 	 	 	 	 	294.7817	350.8988	 
978	 	 	 	 	 	 	287.36472	338.274	 
979	 	 	 	 	 	 	281.94083	326.26303	 
980	 	 	 	 	 	 	274.4299	314.94418	 
981	 	 	 	 	 	 	268.1164	303.0592	 
982	 	 	 	 	 	 	264.1295	288.61386	 
983	 	 	 	 	 	 	264.27502	275.71478	 
984	 	 	 	 	 	 	265.01306	265.27975	 
985	 	 	 	 	 	 	267.87537	254.19472	 
986	 	 	 	 	 	 	273.72577	242.18965	 
987	 	 	 	 	 	 	279.63287	228.57874	 
988	 	 	 	 	 	 	285.63257	214.09163	 
989	 	 	 	 	 	 	293.50766	198.6483	 
990	 	 	 	 	 	 	300.8321	187.42918	 
991	 	 	 	 	 	 	308.83133	173.4133	 
992	 	 	 	 	 	 	314.8651	159.9332	 
993	 	 	 	 	 	 	319.77744	146.85268	 
994	 	 	 	 	 	 	325.44202	131.7672	 
995	 	 	 	 	 	 	331.96683	119.220695	 
996	 	 	 	 	 	 	338.5874	108.36068	 
997	 	 	 	 	 	 	340.4621	100.89145	 
998	 	 	 	 	 	 	347.495	92.814514	 
999	 	 	 	 	 	 	355.4027	87.299126	 
1000	 	 	 	 	 	 	359.33487	82.06953	 

Track 	Length	Distance traveled	Nr of Frames
1	2580.1313	605.1734	410
2	4480.0864	302.5726	520
3	689.4216	524.3845	65
