270.16680908203125	686.8298950195312
271.1331787109375	687.2305908203125
272.099365234375	687.631103515625
273.0652160644531	688.0313110351562
274.03057861328125	688.43115234375
274.9952697753906	688.8304443359375
275.9591064453125	689.22900390625
276.92193603515625	689.6267700195312
277.88360595703125	690.0234985351562
278.8439025878906	690.419189453125
279.8027038574219	690.8135986328125
280.75982666015625	691.2066040039062
281.715087890625	691.59814453125
282.6683654785156	691.9879150390625
283.6194152832031	692.3759765625
284.5681457519531	692.7620239257812
285.5143127441406	693.1460571289062
286.45782470703125	693.52783203125
287.3984680175781	693.9072265625
288.3360900878906	694.2841186523438
289.2705078125	694.6583862304688
290.2015686035156	695.0299072265625
291.12908935546875	695.3984985351562
292.0529479980469	695.7640380859375
292.972900390625	696.1263427734375
293.8888244628906	696.4853515625
294.8005676269531	696.8408813476562
295.7079162597656	697.1927490234375
296.6107482910156	697.5409545898438
297.50885009765625	697.8851928710938
298.402099609375	698.2254638671875
299.290283203125	698.5615234375
300.1732482910156	698.893310546875
301.0508728027344	699.2206420898438
301.92291259765625	699.5433959960938
302.78924560546875	699.8613891601562
303.64971923828125	700.174560546875
304.5041198730469	700.4827270507812
305.352294921875	700.7857666015625
306.194091796875	701.08349609375
307.0293273925781	701.3758544921875
307.85784912109375	701.66259765625
308.6794738769531	701.9437255859375
309.4940185546875	702.2189331054688
310.3013610839844	702.4882202148438
311.1012878417969	702.7514038085938
311.8936767578125	703.00830078125
312.6783142089844	703.2588500976562
313.4550476074219	703.5028686523438
314.22369384765625	703.7401733398438
314.984130859375	703.970703125
315.7362060546875	704.1943359375
316.4801025390625	704.4111938476562
317.2160339355469	704.6214599609375
317.9441833496094	704.8253173828125
318.6647644042969	705.02294921875
319.3780212402344	705.2145385742188
320.0841369628906	705.4002075195312
320.7833557128906	705.5801391601562
321.4758605957031	705.7545776367188
322.1618957519531	705.9236450195312
322.84161376953125	706.0875244140625
323.51531982421875	706.2463989257812
324.1831359863281	706.4004516601562
324.8453369140625	706.5498657226562
325.5021057128906	706.6947631835938
326.1536560058594	706.8353881835938
326.8002014160156	706.9718627929688
327.4419860839844	707.1044311523438
328.0791931152344	707.233154296875
328.7120361328125	707.3583374023438
329.3407287597656	707.4801025390625
329.9654846191406	707.5986328125
330.5865173339844	707.7140502929688
331.20404052734375	707.8265991210938
331.81829833984375	707.9364013671875
332.429443359375	708.043701171875
333.0377197265625	708.1486206054688
333.6433410644531	708.2513427734375
334.2465515136719	708.3521118164062
334.8475036621094	708.4509887695312
335.4464416503906	708.5482177734375
336.0435791015625	708.6439819335938
336.63909912109375	708.7384033203125
337.2332763671875	708.8317260742188
337.8262634277344	708.924072265625
338.4183349609375	709.0156860351562
339.0096130371094	709.1066284179688
339.60040283203125	709.1972045898438
340.1908874511719	709.2874755859375
340.78125	709.3777465820312
341.3717041015625	709.4680786132812
341.9625244140625	709.5586547851562
342.5538635253906	709.6497192382812
343.1459655761719	709.741455078125
343.739013671875	709.8339233398438
344.333251953125	709.9274291992188
344.9288635253906	710.0220947265625
345.5260925292969	710.1181030273438
346.1251220703125	710.215576171875
346.7261962890625	710.3147583007812
347.3294677734375	710.415771484375
347.9349060058594	710.5186157226562
348.54248046875	710.6232299804688
349.15216064453125	710.7295532226562
349.7638244628906	710.8375244140625
350.37744140625	710.9471435546875
350.99298095703125	711.058349609375
351.6103820800781	711.1710815429688
352.22955322265625	711.2852783203125
352.8504943847656	711.4009399414062
353.47308349609375	711.5180053710938
354.0972900390625	711.6364135742188
354.72308349609375	711.7560424804688
355.35040283203125	711.8770141601562
355.9791564941406	711.9990844726562
356.6093444824219	712.1223754882812
357.2408447265625	712.2467651367188
357.8736267089844	712.3721923828125
358.5076599121094	712.4986572265625
359.14288330078125	712.6260375976562
359.7792053222656	712.7543334960938
360.4165954589844	712.883544921875
361.05499267578125	713.0135498046875
361.6943664550781	713.144287109375
362.3345947265625	713.2758178710938
362.9757080078125	713.407958984375
363.6175537109375	713.540771484375
364.2601623535156	713.6741333007812
364.9034423828125	713.8080444335938
365.5473327636719	713.9424438476562
366.1918029785156	714.0772705078125
366.8367614746094	714.2124633789062
367.4821472167969	714.3480224609375
368.1279602050781	714.48388671875
368.7740783691406	714.6199951171875
369.4205017089844	714.7562866210938
370.067138671875	714.8927612304688
370.71392822265625	715.029296875
371.36083984375	715.1659545898438
372.0078125	715.3025512695312
372.65478515625	715.4391479492188
373.3017272949219	715.5756225585938
373.9485168457031	715.7119750976562
374.59515380859375	715.8482055664062
375.2415771484375	715.984130859375
375.8876953125	716.1198120117188
376.5334777832031	716.2551879882812
377.17889404296875	716.39013671875
377.8238525390625	716.5247192382812
378.4682922363281	716.6588134765625
379.1121826171875	716.7924194335938
379.75555419921875	716.9254760742188
380.3983459472656	717.05810546875
381.0406494140625	717.1902465820312
381.6824035644531	717.3218994140625
382.32366943359375	717.453125
382.9644470214844	717.583984375
383.604736328125	717.71435546875
384.2445373535156	717.8443603515625
384.8839111328125	717.9739379882812
385.5228271484375	718.1031494140625
386.1612854003906	718.2320556640625
386.7993469238281	718.3605346679688
387.4369812011719	718.48876953125
388.0741882324219	718.6166381835938
388.7110290527344	718.7442016601562
389.3475036621094	718.8714599609375
389.98358154296875	718.9984741210938
390.6192932128906	719.125244140625
391.25469970703125	719.2517700195312
391.8897399902344	719.3780517578125
392.5244445800781	719.5040893554688
393.1588439941406	719.6299438476562
393.79296875	719.755615234375
394.4267883300781	719.881103515625
395.060302734375	720.0064697265625
395.6935729980469	720.1316528320312
396.3265686035156	720.2567138671875
396.9593505859375	720.381591796875
397.59185791015625	720.5064697265625
398.22418212890625	720.6311645507812
398.85626220703125	720.755859375
399.4881591796875	720.8804321289062
400.1198425292969	721.0050048828125
400.7513732910156	721.1295166015625
401.3827209472656	721.2540283203125
402.013916015625	721.3785400390625
402.6449890136719	721.5030517578125
403.2759094238281	721.6275634765625
403.90667724609375	721.7521362304688
404.5373840332031	721.876708984375
405.16796875	722.0014038085938
405.7984619140625	722.1261596679688
406.4288635253906	722.2510375976562
407.0592346191406	722.3759765625
407.68951416015625	722.5010986328125
408.3197937011719	722.6262817382812
408.95001220703125	722.751708984375
409.5802001953125	722.877197265625
410.21038818359375	723.0029296875
410.840576171875	723.1288452148438
411.4707946777344	723.2549438476562
412.10101318359375	723.3811645507812
412.73126220703125	723.5076293945312
413.361572265625	723.6342163085938
413.991943359375	723.7609252929688
414.62237548828125	723.8878173828125
415.25286865234375	724.0147705078125
415.88348388671875	724.1419067382812
416.51416015625	724.2691650390625
417.1449890136719	724.396484375
417.7759094238281	724.52392578125
418.406982421875	724.6514282226562
419.0382080078125	724.779052734375
419.6695861816406	724.9066772460938
420.3011169433594	725.034423828125
420.9328308105469	725.1621704101562
421.5647277832031	725.2899780273438
422.19683837890625	725.4177856445312
422.82916259765625	725.545654296875
423.4617004394531	725.6735229492188
424.094482421875	725.8013916015625
424.7275085449219	725.9292602539062
425.36077880859375	726.05712890625
425.99432373046875	726.1849365234375
426.628173828125	726.312744140625
427.26226806640625	726.4405517578125
427.8966979980469	726.5682373046875
428.53143310546875	726.6958618164062
429.1664733886719	726.823486328125
429.8018493652344	726.9509887695312
430.4375915527344	727.078369140625
431.07366943359375	727.2056884765625
431.71014404296875	727.3329467773438
432.3469543457031	727.4600219726562
432.98419189453125	727.5870361328125
433.621826171875	727.7138671875
434.2598571777344	727.840576171875
434.8983154296875	727.9671630859375
435.5372009277344	728.0935668945312
436.1765441894531	728.2197875976562
436.81634521484375	728.3458862304688
437.45660400390625	728.4717407226562
438.09735107421875	728.597412109375
438.7385559082031	728.722900390625
439.38031005859375	728.8482055664062
440.0225524902344	728.9732666015625
440.6653137207031	729.0980834960938
441.30859375	729.22265625
441.95245361328125	729.3469848632812
442.5968322753906	729.4710693359375
443.2417297363281	729.5949096679688
443.8870849609375	729.7185668945312
444.5328063964844	729.8419799804688
445.1788635253906	729.9652709960938
445.8251953125	730.08837890625
446.47174072265625	730.2113647460938
447.11846923828125	730.3342895507812
447.76531982421875	730.4570922851562
448.4122009277344	730.579833984375
449.05908203125	730.7025756835938
449.7059326171875	730.8252563476562
450.3526611328125	730.947998046875
450.99920654296875	731.0706787109375
451.6455383300781	731.1934814453125
452.2915954589844	731.3163452148438
452.93731689453125	731.4392700195312
453.5826721191406	731.5623168945312
454.2275390625	731.685546875
454.8719482421875	731.8088989257812
455.5157775878906	731.9324340820312
456.15899658203125	732.05615234375
456.8015441894531	732.1801147460938
457.443359375	732.3043212890625
458.08441162109375	732.4287719726562
458.724609375	732.5535278320312
459.3639221191406	732.6785888671875
460.0023193359375	732.803955078125
460.6396789550781	732.9297485351562
461.2760009765625	733.0558471679688
461.91119384765625	733.182373046875
462.54522705078125	733.309326171875
463.17803955078125	733.4367065429688
463.8095703125	733.5645751953125
464.43975830078125	733.6929321289062
465.0685729980469	733.82177734375
465.6959228515625	733.9511108398438
466.32177734375	734.0810546875
466.9460754394531	734.2115478515625
467.5687561035156	734.3426513671875
468.18975830078125	734.474365234375
468.8090515136719	734.606689453125
469.4265441894531	734.7396850585938
470.042236328125	734.8734130859375
470.656005859375	735.0077514648438
471.267822265625	735.1428833007812
471.8776550292969	735.2787475585938
472.48541259765625	735.4154052734375
473.091064453125	735.5527954101562
473.6945495605469	735.6910400390625
474.29583740234375	735.830078125
474.8950500488281	735.9698486328125
475.4923095703125	736.1101684570312
476.0877685546875	736.2509155273438
476.68157958984375	736.3920288085938
477.27386474609375	736.5333251953125
477.86480712890625	736.6746826171875
478.4544982910156	736.8159790039062
479.0430908203125	736.9570922851562
479.6307678222656	737.097900390625
480.2176513671875	737.23828125
480.8038330078125	737.3780517578125
481.3895263671875	737.51708984375
481.974853515625	737.6553344726562
482.5599365234375	737.7926025390625
483.1449279785156	737.9288330078125
483.7300109863281	738.0638427734375
484.31524658203125	738.1974487304688
484.9008483886719	738.3296508789062
485.4869079589844	738.460205078125
486.0736083984375	738.5890502929688
486.66107177734375	738.716064453125
487.24945068359375	738.841064453125
487.8388671875	738.9639892578125
488.4294738769531	739.0846557617188
489.02142333984375	739.2030029296875
489.6148681640625	739.3187866210938
490.2099304199219	739.4320068359375
490.8067626953125	739.5424194335938
491.4054870605469	739.6500244140625
492.0062561035156	739.7545776367188
492.6092224121094	739.85595703125
493.21453857421875	739.9541625976562
493.82232666015625	740.0489501953125
494.4327087402344	740.1401977539062
495.0458679199219	740.227783203125
495.6619567871094	740.3116455078125
496.28106689453125	740.3916015625
496.90338134765625	740.467529296875
497.52899169921875	740.5392456054688
498.1581115722656	740.6067504882812
498.79083251953125	740.6697998046875
499.4273376464844	740.728271484375
500.0677185058594	740.7821655273438
500.712158203125	740.8311767578125
501.36077880859375	740.8753051757812
502.01373291015625	740.9143676757812
502.6711730957031	740.9483032226562
503.33319091796875	740.9768676757812
504.0	741.0
504.6716613769531	741.0176391601562
505.34808349609375	741.0299072265625
506.0291748046875	741.0369262695312
506.71478271484375	741.0390014648438
507.40478515625	741.0363159179688
508.09906005859375	741.0289306640625
508.7975158691406	741.0171508789062
509.5	741.0010986328125
510.2063903808594	740.9810180664062
510.9165344238281	740.9570922851562
511.63037109375	740.929443359375
512.3477172851562	740.8983154296875
513.0684814453125	740.8639526367188
513.7925415039062	740.826416015625
514.519775390625	740.7860107421875
515.25	740.7427978515625
515.9832153320312	740.6971435546875
516.7191772460938	740.6490478515625
517.457763671875	740.5988159179688
518.198974609375	740.546630859375
518.9425048828125	740.49267578125
519.6884155273438	740.4370727539062
520.4364624023438	740.3800659179688
521.1865234375	740.3218994140625
521.9385375976562	740.2626342773438
522.6923828125	740.2025756835938
523.4478149414062	740.141845703125
524.2048950195312	740.0806884765625
524.9633178710938	740.0192260742188
525.7230834960938	739.9576416015625
526.4840087890625	739.896240234375
527.2459716796875	739.8350830078125
528.0089111328125	739.7744140625
528.7725830078125	739.7144165039062
529.5369873046875	739.6552734375
530.3019409179688	739.59716796875
531.0673217773438	739.5403442382812
531.8330078125	739.4849243164062
532.598876953125	739.4310913085938
533.3648071289062	739.3790893554688
534.1306762695312	739.3291015625
534.8963623046875	739.2813110351562
535.6616821289062	739.23583984375
536.4266357421875	739.1929321289062
537.1909790039062	739.15283203125
537.9546508789062	739.1156005859375
538.717529296875	739.08154296875
539.4794311523438	739.05078125
540.2402954101562	739.0235595703125
541.0	739.0
541.7584228515625	738.9802856445312
542.515625	738.9642944335938
543.2716674804688	738.9519653320312
544.026611328125	738.943115234375
544.7806396484375	738.9375610351562
545.53369140625	738.9352416992188
546.2860107421875	738.93603515625
547.0375366210938	738.9398193359375
547.7883911132812	738.9463500976562
548.5386352539062	738.9556274414062
549.2884521484375	738.9674072265625
550.037841796875	738.9816284179688
550.786865234375	738.9981079101562
551.5355834960938	739.0167846679688
552.2841796875	739.0374755859375
553.03271484375	739.0599975585938
553.7811889648438	739.0843505859375
554.5297241210938	739.1102905273438
555.2784423828125	739.1376953125
556.02734375	739.16650390625
556.7765502929688	739.196533203125
557.5261840820312	739.2276000976562
558.2762451171875	739.2596435546875
559.02685546875	739.2925415039062
559.7781372070312	739.3261108398438
560.5300903320312	739.3602294921875
561.2828369140625	739.394775390625
562.0364990234375	739.4295654296875
562.7910766601562	739.464599609375
563.5466918945312	739.4995727539062
564.3034057617188	739.5344848632812
565.061279296875	739.5691528320312
565.8204956054688	739.6034545898438
566.5810546875	739.6372680664062
567.343017578125	739.67041015625
568.1065673828125	739.7027587890625
568.8716430664062	739.7341918945312
569.638427734375	739.7646484375
570.406982421875	739.7938842773438
571.1773071289062	739.82177734375
571.9496459960938	739.8482666015625
572.7239379882812	739.8732299804688
573.5003051757812	739.8964233398438
574.2788696289062	739.9177856445312
575.0596313476562	739.9371948242188
575.8427124023438	739.9545288085938
576.6282348632812	739.9696044921875
577.416259765625	739.9822387695312
578.206787109375	739.992431640625
579.0	740.0
579.7958984375	740.0048217773438
580.594482421875	740.0068969726562
581.3956909179688	740.00634765625
582.199462890625	740.003173828125
583.0057373046875	739.9974365234375
583.814453125	739.9891967773438
584.6255493164062	739.9785766601562
585.4390258789062	739.9655151367188
586.2548217773438	739.9501342773438
587.0728149414062	739.9324951171875
587.8930053710938	739.9126586914062
588.7152709960938	739.890625
589.5396728515625	739.8665161132812
590.3660278320312	739.84033203125
591.1943969726562	739.8121948242188
592.024658203125	739.7821044921875
592.8568115234375	739.7500610351562
593.6907348632812	739.7162475585938
594.5263671875	739.6806640625
595.3637084960938	739.6433715820312
596.2026977539062	739.6043701171875
597.0432739257812	739.5637817382812
597.8853759765625	739.5216674804688
598.7289428710938	739.47802734375
599.573974609375	739.4329833984375
600.4202880859375	739.3865356445312
601.2679443359375	739.3387451171875
602.1168823242188	739.2896728515625
602.9669799804688	739.2393798828125
603.8182373046875	739.1879272460938
604.6705932617188	739.1353759765625
605.5239868164062	739.081787109375
606.3783569335938	739.0271606445312
607.2337036132812	738.9716186523438
608.08984375	738.9152221679688
608.9468383789062	738.85791015625
609.8045654296875	738.7999267578125
610.6630249023438	738.7411499023438
611.5221557617188	738.6817016601562
612.3818969726562	738.6217041015625
613.2421264648438	738.5610961914062
614.1029052734375	738.5
614.9640502929688	738.4384765625
615.8256225585938	738.3765258789062
616.6875	738.3143310546875
617.5496826171875	738.2517700195312
618.412109375	738.1890258789062
619.274658203125	738.1260986328125
620.1372680664062	738.0631103515625
621.0	738.0
621.347900390625	737.9890747070312
621.6957397460938	737.9782104492188
622.0435791015625	737.9674072265625
622.391357421875	737.9566650390625
622.7390747070312	737.946044921875
623.086669921875	737.935546875
623.4342041015625	737.9251708984375
623.7815551757812	737.9150390625
624.1287231445312	737.9050903320312
624.4757690429688	737.8953247070312
624.8226318359375	737.8858642578125
625.1692504882812	737.876708984375
625.5156860351562	737.8678588867188
625.8618774414062	737.859375
626.207763671875	737.8511962890625
626.5533447265625	737.8434448242188
626.898681640625	737.8361206054688
627.24365234375	737.8292236328125
627.5883178710938	737.82275390625
627.9326171875	737.8168334960938
628.2765502929688	737.8114624023438
628.6200561523438	737.8065795898438
628.963134765625	737.8023071289062
629.3057861328125	737.7986450195312
629.6480102539062	737.7955932617188
629.98974609375	737.793212890625
630.3309936523438	737.79150390625
630.6716918945312	737.7904663085938
631.0119018554688	737.7902221679688
631.3515625	737.7907104492188
631.690673828125	737.7919921875
632.0291137695312	737.7940673828125
632.3670043945312	737.7969360351562
632.7042846679688	737.8007202148438
633.0408935546875	737.805419921875
633.3768920898438	737.8109741210938
633.712158203125	737.8175048828125
634.0466918945312	737.8250122070312
634.3805541992188	737.83349609375
634.7136840820312	737.843017578125
635.0460205078125	737.8535766601562
635.3776245117188	737.865234375
635.7083740234375	737.8779296875
636.0383911132812	737.8917846679688
636.3674926757812	737.9067993164062
636.69580078125	737.9229736328125
637.023193359375	737.9403686523438
637.3497314453125	737.958984375
637.67529296875	737.9788208007812
638.0	738.0
638.3237915039062	738.0224609375
638.646728515625	738.046142578125
638.9690551757812	738.071044921875
639.2908935546875	738.0970458984375
639.6124267578125	738.1241455078125
639.9337158203125	738.1522216796875
640.2550048828125	738.1812744140625
640.576416015625	738.211181640625
640.8981323242188	738.241943359375
641.2202758789062	738.2734985351562
641.54296875	738.3057250976562
641.8663940429688	738.338623046875
642.1907348632812	738.3720703125
642.51611328125	738.4061279296875
642.8427124023438	738.4406127929688
643.1705932617188	738.4755249023438
643.5000610351562	738.5107421875
643.8311157226562	738.5462646484375
644.1640014648438	738.5820922851562
644.4988403320312	738.6180419921875
644.8358154296875	738.654052734375
645.175048828125	738.690185546875
645.5166625976562	738.726318359375
645.8609008789062	738.7623291015625
646.2078247070312	738.7982788085938
646.5576782226562	738.833984375
646.9105224609375	738.8695068359375
647.2665405273438	738.9046630859375
647.6259765625	738.9395141601562
647.9888305664062	738.973876953125
648.3553466796875	739.0078125
648.7256469726562	739.0411376953125
649.0999145507812	739.0739135742188
649.478271484375	739.1060180664062
649.8609008789062	739.1373901367188
650.2479248046875	739.16796875
650.6395263671875	739.19775390625
651.0358276367188	739.2265625
651.43701171875	739.2544555664062
651.84326171875	739.2813110351562
652.254638671875	739.30712890625
652.6713256835938	739.3317260742188
653.093505859375	739.3551635742188
653.5213012695312	739.3773803710938
653.9549560546875	739.398193359375
654.3944702148438	739.4176635742188
654.8401489257812	739.4357299804688
655.2919921875	739.4522705078125
655.7503051757812	739.4672241210938
656.2151489257812	739.4805908203125
656.6866455078125	739.4923095703125
657.1646118164062	739.50244140625
657.6489868164062	739.5110473632812
658.139404296875	739.518310546875
658.6358032226562	739.5242309570312
659.137939453125	739.5289916992188
659.6456298828125	739.5325927734375
660.15869140625	739.5352172851562
660.6768798828125	739.5369262695312
661.2000732421875	739.537841796875
661.72802734375	739.5380249023438
662.2606201171875	739.5375366210938
662.7975463867188	739.5365600585938
663.3387451171875	739.53515625
663.8839111328125	739.5333862304688
664.4329223632812	739.5313720703125
664.9855346679688	739.5291748046875
665.5416259765625	739.5269775390625
666.1008911132812	739.5247802734375
666.6632690429688	739.5227661132812
667.228515625	739.52099609375
667.79638671875	739.5194702148438
668.3667602539062	739.5184326171875
668.9393920898438	739.5179443359375
669.51416015625	739.5180053710938
670.0908203125	739.518798828125
670.6691284179688	739.5204467773438
671.2490234375	739.52294921875
671.8302001953125	739.5264282226562
672.4125366210938	739.531005859375
672.9957885742188	739.5368041992188
673.5797729492188	739.5438842773438
674.164306640625	739.5523681640625
674.7492065429688	739.5623168945312
675.3342895507812	739.5737915039062
675.9193725585938	739.5869750976562
676.5042114257812	739.6018676757812
677.088623046875	739.6187133789062
677.6724853515625	739.637451171875
678.2554931640625	739.6582641601562
678.8375854492188	739.68115234375
679.41845703125	739.7063598632812
679.9979248046875	739.73388671875
680.5758666992188	739.7638549804688
681.152099609375	739.7963256835938
681.726318359375	739.8314208984375
682.2984619140625	739.8692626953125
682.8682250976562	739.909912109375
683.4354858398438	739.9534301757812
684.0	740.0
684.5617065429688	740.0496215820312
685.12060546875	740.1021118164062
685.677001953125	740.1572875976562
686.23095703125	740.2149658203125
686.78271484375	740.2749633789062
687.3323364257812	740.3369750976562
687.880126953125	740.40087890625
688.4260864257812	740.4664306640625
688.9705810546875	740.5335083007812
689.5136108398438	740.6017456054688
690.0553588867188	740.6710815429688
690.5961303710938	740.7412109375
691.1359252929688	740.81201171875
691.6749877929688	740.8832397460938
692.2135009765625	740.9547119140625
692.7516479492188	741.0261840820312
693.2894897460938	741.0974731445312
693.8273315429688	741.1683959960938
694.365234375	741.2386474609375
694.9033813476562	741.3081665039062
695.4420166015625	741.3766479492188
695.981201171875	741.4439086914062
696.5211791992188	741.509765625
697.0620727539062	741.573974609375
697.6040649414062	741.6363525390625
698.1473388671875	741.6967163085938
698.6920166015625	741.7548828125
699.2383422851562	741.810546875
699.786376953125	741.863525390625
700.33642578125	741.9136962890625
700.8884887695312	741.9607543945312
701.44287109375	742.0045776367188
701.9996948242188	742.044921875
702.55908203125	742.0816040039062
703.1212768554688	742.1143798828125
703.6864013671875	742.14306640625
704.254638671875	742.16748046875
704.8261108398438	742.1873779296875
705.4010620117188	742.2025756835938
705.9796142578125	742.2128295898438
706.5618896484375	742.2179565429688
707.148193359375	742.2177734375
707.738525390625	742.2120971679688
708.3331298828125	742.2006225585938
708.9321899414062	742.1832275390625
709.535888671875	742.1597290039062
710.1443481445312	742.1298217773438
710.7577514648438	742.0933837890625
711.376220703125	742.0501708984375
712.0	742.0
712.629150390625	741.9427490234375
713.263427734375	741.8784790039062
713.902587890625	741.8075561523438
714.5462646484375	741.7300415039062
715.1942138671875	741.6463012695312
715.84619140625	741.5565185546875
716.5017700195312	741.4608764648438
717.1607666015625	741.359619140625
717.8228759765625	741.2529907226562
718.4877319335938	741.1412353515625
719.1551513671875	741.0244750976562
719.82470703125	740.9030151367188
720.4962158203125	740.777099609375
721.1693725585938	740.6468505859375
721.8438110351562	740.5125732421875
722.519287109375	740.37451171875
723.1954956054688	740.2328491210938
723.8721313476562	740.0877685546875
724.5489501953125	739.9395141601562
725.2256469726562	739.7883911132812
725.90185546875	739.634521484375
726.577392578125	739.4782104492188
727.2518310546875	739.3196411132812
727.9249877929688	739.1589965820312
728.5964965820312	738.9965209960938
729.26611328125	738.83251953125
729.9335327148438	738.6671142578125
730.5985107421875	738.5005493164062
731.2606201171875	738.3331298828125
731.919677734375	738.1649780273438
732.5753173828125	737.996337890625
733.2273559570312	737.8274536132812
733.8753662109375	737.6585693359375
734.5191040039062	737.4898681640625
735.1583251953125	737.3215942382812
735.792724609375	737.1539306640625
736.4219360351562	736.9871826171875
737.0457153320312	736.821533203125
737.6637573242188	736.6571655273438
738.2758178710938	736.494384765625
738.8815307617188	736.3333129882812
739.4805908203125	736.1742553710938
740.0728149414062	736.0173950195312
740.6577758789062	735.8629760742188
741.2352905273438	735.711181640625
741.8049926757812	735.5623168945312
742.3665771484375	735.41650390625
742.9197998046875	735.2740478515625
743.4644165039062	735.1351318359375
744.0	735.0
744.5264282226562	734.8687744140625
745.0440063476562	734.7412719726562
745.5529174804688	734.6173095703125
746.0535888671875	734.4965209960938
746.54638671875	734.3787231445312
747.0316162109375	734.263671875
747.5095825195312	734.1510620117188
747.9806518554688	734.0406494140625
748.4451904296875	733.9321899414062
748.9034423828125	733.8253784179688
749.3558349609375	733.7200317382812
749.8026733398438	733.6159057617188
750.2443237304688	733.5126342773438
750.6810913085938	733.4100952148438
751.11328125	733.3079223632812
751.5413208007812	733.2058715820312
751.9654541015625	733.103759765625
752.3860473632812	733.0012817382812
752.803466796875	732.8982543945312
753.2180786132812	732.7942504882812
753.630126953125	732.689208984375
754.0399780273438	732.5827026367188
754.447998046875	732.474609375
754.8545532226562	732.3646240234375
755.2598876953125	732.25244140625
755.6644287109375	732.1378784179688
756.0684204101562	732.0206909179688
756.4723510742188	731.9005126953125
756.8764038085938	731.7772216796875
757.2809448242188	731.6504516601562
757.6863403320312	731.52001953125
758.0929565429688	731.3856201171875
758.5010986328125	731.2470092773438
758.9111328125	731.10400390625
759.3233642578125	730.9562377929688
759.7380981445312	730.8035278320312
760.1557006835938	730.6455688476562
760.5765380859375	730.4821166992188
761.0009155273438	730.3129272460938
761.42919921875	730.1377563476562
761.8616943359375	729.9563598632812
762.2987670898438	729.7684326171875
762.74072265625	729.57373046875
763.1879272460938	729.3720092773438
763.6407470703125	729.1630249023438
764.0994262695312	728.946533203125
764.5643310546875	728.7222290039062
765.035888671875	728.4898681640625
765.5142822265625	728.2492065429688
766.0	728.0
766.4931640625	727.7420654296875
766.9935913085938	727.4755859375
767.5007934570312	727.2008666992188
768.0144653320312	726.9181518554688
768.5341796875	726.627685546875
769.0596313476562	726.3297729492188
769.59033203125	726.0247192382812
770.1259765625	725.7127685546875
770.6661376953125	725.3941650390625
771.21044921875	725.0692138671875
771.7586059570312	724.7382202148438
772.31005859375	724.4013671875
772.8645629882812	724.0590209960938
773.4216918945312	723.71142578125
773.9810791015625	723.3587646484375
774.5422973632812	723.00146484375
775.10498046875	722.6397094726562
775.6687622070312	722.2738037109375
776.2332763671875	721.9039916992188
776.7981567382812	721.530517578125
777.3629150390625	721.1537475585938
777.9273071289062	720.7738647460938
778.4907836914062	720.3912353515625
779.0531616210938	720.0060424804688
779.6138916015625	719.6185913085938
780.1726684570312	719.2291870117188
780.7291259765625	718.8380737304688
781.2828369140625	718.4454956054688
781.8334350585938	718.0518188476562
782.3805541992188	717.6572265625
782.9237670898438	717.2620239257812
783.4627685546875	716.866455078125
783.9970703125	716.4708251953125
784.5264282226562	716.075439453125
785.05029296875	715.6804809570312
785.5684204101562	715.2863159179688
786.0803833007812	714.8931274414062
786.5857543945312	714.5012817382812
787.0841674804688	714.1110229492188
787.5753173828125	713.7225952148438
788.0587768554688	713.3363037109375
788.5341186523438	712.952392578125
789.0009765625	712.5711059570312
789.4590454101562	712.1928100585938
789.9078369140625	711.8176879882812
790.3470458984375	711.4461059570312
790.7761840820312	711.0782470703125
791.1950073242188	710.7144165039062
791.6030883789062	710.3549194335938
792.0	710.0
792.385498046875	709.6498413085938
792.7598876953125	709.3043212890625
793.12353515625	708.963134765625
793.476806640625	708.6260986328125
793.820068359375	708.2930297851562
794.1537475585938	707.963623046875
794.4782104492188	707.6376342773438
794.7938842773438	707.3148803710938
795.1011352539062	706.9950561523438
795.4003295898438	706.677978515625
795.6918334960938	706.3634033203125
795.9761352539062	706.0510864257812
796.2534790039062	705.7408447265625
796.5243530273438	705.432373046875
796.7891235351562	705.1254272460938
797.048095703125	704.81982421875
797.3018188476562	704.5153198242188
797.550537109375	704.211669921875
797.7947387695312	703.9086303710938
798.0347290039062	703.60595703125
798.2708740234375	703.303466796875
798.503662109375	703.0008544921875
798.7334594726562	702.6979370117188
798.9605712890625	702.3944702148438
799.1854858398438	702.0902099609375
799.4085083007812	701.784912109375
799.6300048828125	701.4783325195312
799.8504638671875	701.1702880859375
800.0702514648438	700.8604736328125
800.2896728515625	700.5487060546875
800.5092163085938	700.2347412109375
800.7291870117188	699.9182739257812
800.9500122070312	699.5991821289062
801.1720581054688	699.2772216796875
801.395751953125	698.9520263671875
801.6213989257812	698.6234741210938
801.8494873046875	698.2913208007812
802.080322265625	697.955322265625
802.3143310546875	697.615234375
802.5518798828125	697.2708129882812
802.7933959960938	696.9218139648438
803.0391845703125	696.5680541992188
803.2897338867188	696.209228515625
803.5453491210938	695.8451538085938
803.8064575195312	695.4755859375
804.073486328125	695.1002807617188
804.3466796875	694.718994140625
804.6265869140625	694.33154296875
804.9135131835938	693.9376220703125
805.2078247070312	693.5369873046875
805.5098876953125	693.1295166015625
805.8196411132812	692.7153930664062
806.1370239257812	692.2947387695312
806.4619750976562	691.8677978515625
806.7943115234375	691.4347534179688
807.134033203125	690.995849609375
807.4810180664062	690.55126953125
807.835205078125	690.1012573242188
808.1964721679688	689.6459350585938
808.564697265625	689.1856079101562
808.9398803710938	688.7203979492188
809.3218383789062	688.2505493164062
809.7105102539062	687.7762451171875
810.1058349609375	687.2977294921875
810.5076904296875	686.8152465820312
810.916015625	686.3289184570312
811.3307495117188	685.8389282226562
811.751708984375	685.3456420898438
812.1788940429688	684.8490600585938
812.6121215820312	684.3495483398438
813.0513916015625	683.8472290039062
813.49658203125	683.3424072265625
813.9475708007812	682.8351440429688
814.4043579101562	682.3257446289062
814.8667602539062	681.8143920898438
815.334716796875	681.30126953125
815.80810546875	680.78662109375
816.2869262695312	680.2706909179688
816.7710571289062	679.7535400390625
817.2603149414062	679.2355346679688
817.7547607421875	678.716796875
818.254150390625	678.1975708007812
818.758544921875	677.6780395507812
819.2677001953125	677.1583862304688
819.7816772460938	676.6388549804688
820.30029296875	676.11962890625
820.823486328125	675.6009521484375
821.3511352539062	675.0830078125
821.8831787109375	674.5659790039062
822.4195556640625	674.0501708984375
822.9601440429688	673.53564453125
823.5048217773438	673.022705078125
824.0535278320312	672.511474609375
824.606201171875	672.0022583007812
825.1627197265625	671.4952392578125
825.7230224609375	670.9906005859375
826.2869873046875	670.488525390625
826.8544921875	669.9893188476562
827.425537109375	669.4930419921875
828.0	669.0
828.5777587890625	668.5103149414062
829.1587524414062	668.0239868164062
829.7429809570312	667.5409545898438
830.3302612304688	667.0611572265625
830.9205932617188	666.58447265625
831.5139770507812	666.1109008789062
832.1102294921875	665.6403198242188
832.7093505859375	665.1726684570312
833.3112182617188	664.7078857421875
833.9158325195312	664.2459106445312
834.5230712890625	663.7866821289062
835.1329345703125	663.330078125
835.7453002929688	662.8760986328125
836.360107421875	662.4246826171875
836.977294921875	661.9756469726562
837.5968627929688	661.5291137695312
838.2186279296875	661.0848388671875
838.8425903320312	660.642822265625
839.4686889648438	660.2030029296875
840.0968017578125	659.7652587890625
840.7269287109375	659.3296508789062
841.3590087890625	658.89599609375
841.992919921875	658.4642333984375
842.6286010742188	658.0343017578125
843.2660522460938	657.606201171875
843.9050903320312	657.1797485351562
844.5457763671875	656.7550048828125
845.18798828125	656.331787109375
845.8316040039062	655.9100952148438
846.4766845703125	655.4898071289062
847.123046875	655.0709228515625
847.7706909179688	654.6533203125
848.4194946289062	654.2369384765625
849.0694580078125	653.8217163085938
849.720458984375	653.4075927734375
850.3724975585938	652.9945068359375
851.025390625	652.5823974609375
851.67919921875	652.171142578125
852.3338012695312	651.7607421875
852.9891357421875	651.35107421875
853.6451416015625	650.9420776367188
854.3016967773438	650.53369140625
854.9588012695312	650.1259155273438
855.6163940429688	649.7185668945312
856.2743530273438	649.3115844726562
856.9326782226562	648.905029296875
857.5912475585938	648.4987182617188
858.25	648.0925903320312
858.908935546875	647.6866455078125
859.56787109375	647.2807006835938